Tama¤o de Ventana 64,64
Planos: 4
Limites:
-1 64 128 192 255 
Piezas
0 1 1 1 0 
Ancho: 512 - Alto: 512
Patrones de ENTRENAMIENTO.
Num. Patrones: 10
Dimension: 4
0.000000 0.000000 0.112949 0.993601 
0.000000 0.000000 0.583758 0.811928 
0.014483 0.014483 0.324838 0.945548 
0.000000 0.000000 0.122249 0.992499 
0.000000 0.000000 0.049862 0.998756 
0.000000 0.010323 0.173423 0.984793 
0.000000 0.000000 0.113978 0.993483 
0.000000 0.000000 0.235082 0.971975 
0.000000 0.000000 0.515347 0.856982 
0.000000 0.000000 0.741594 0.670849 
0.000000 0.000000 0.134116 0.990966 
0.000000 0.000000 0.068860 0.997626 
0.000000 0.000000 0.128410 0.991721 
0.000000 0.000000 0.438891 0.898540 
0.000000 0.000000 0.145494 0.989359 
0.000000 0.000000 0.235600 0.971850 
0.000000 0.000000 0.381357 0.924428 
0.000000 0.000000 0.316228 0.948683 
0.000000 0.000000 0.313266 0.949665 
0.000000 0.000000 0.339949 0.940444 
0.000000 0.000000 0.262109 0.965038 
0.000000 0.000000 0.624347 0.781147 
0.000000 0.000000 0.236697 0.971584 
0.000000 0.000000 0.401234 0.915975 
0.000000 0.000000 0.343086 0.939304 
0.000000 0.000000 0.675617 0.737253 
0.000000 0.000000 0.353234 0.935535 
0.000000 0.002199 0.356177 0.934416 
0.000000 0.002125 0.365520 0.930801 
0.000000 0.002407 0.567956 0.823055 
0.000000 0.000000 0.397547 0.917582 
0.000000 0.000000 0.248241 0.968698 
0.000000 0.000000 0.303284 0.952900 
0.000000 0.000000 0.184709 0.982793 
0.000000 0.003336 0.240179 0.970723 
0.000000 0.000000 0.143707 0.989620 
0.000000 0.000000 0.114806 0.993388 
0.000000 0.000000 0.631495 0.775380 
0.000000 0.002355 0.586348 0.810056 
0.000000 0.000000 0.203000 0.979179 
0.000000 0.000000 0.169841 0.985472 
0.000000 0.000000 0.512065 0.858947 
0.000000 0.001997 0.195732 0.980655 
0.000000 0.000000 0.159546 0.987190 
0.000000 0.000000 0.371810 0.928309 
0.000000 0.002941 0.808733 0.588169 
0.000000 0.000000 0.460619 0.887598 
0.000000 0.000000 0.230909 0.972975 
0.000000 0.002458 0.267897 0.963445 
0.000000 0.000000 0.633382 0.773839 
0.000000 0.000000 0.513717 0.857960 
0.000000 0.000000 0.425385 0.905013 
0.000000 0.000000 0.864834 0.502057 
0.000000 0.000000 0.710109 0.704091 
0.000000 0.000000 0.256345 0.966585 
0.000000 0.000000 0.318381 0.947963 
0.000000 0.002048 0.980892 0.194540 
0.000000 0.000000 0.740219 0.672366 
0.000000 0.000000 0.802930 0.596073 
0.000000 0.002463 0.945684 0.325079 
0.000000 0.000000 0.852987 0.521932 
0.000000 0.000000 0.819521 0.573049 
0.000000 0.000000 0.326310 0.945263 
0.000000 0.000000 0.641897 0.766791 
Tiempo de proceso : 0.930000
