Tama¤o de Ventana 64,64
Planos: 4
Limites:
-1 64 128 192 255 
Piezas
0 1 1 1 0 
Ancho: 512 - Alto: 512
Patrones de ENTRENAMIENTO.
Num. Patrones: 10
Dimension: 4
0.000000 0.000000 0.225675 0.974203 
0.000000 0.000000 0.189588 0.981864 
0.000000 0.000000 0.332953 0.942943 
0.000000 0.000000 0.789507 0.613741 
0.000000 0.000000 0.425538 0.904941 
0.000000 0.000000 0.573462 0.819232 
0.000000 0.000000 0.998621 0.052490 
0.000000 0.001726 0.999985 0.005177 
0.012753 0.002126 0.773703 0.633416 
0.000000 0.000000 0.509802 0.860292 
0.000000 0.000000 0.295945 0.955205 
0.000000 0.000000 0.574225 0.818697 
0.000000 0.015402 0.449213 0.893292 
0.000000 0.002710 0.644968 0.764205 
0.000000 0.000000 0.959639 0.281236 
0.000000 0.000000 0.999537 0.030416 
0.000000 0.000000 0.505219 0.862991 
0.000000 0.002433 0.732185 0.681102 
0.000000 0.000000 0.620771 0.783992 
0.000000 0.000000 0.624695 0.780869 
0.000000 0.000000 0.610654 0.791898 
0.000000 0.000000 0.966693 0.255940 
0.000000 0.000000 0.806321 0.591479 
0.000000 0.000000 0.969112 0.246620 
0.000000 0.000000 0.222155 0.975011 
0.000000 0.000000 0.414671 0.909972 
0.000000 0.000000 0.438835 0.898568 
0.000000 0.000000 0.614107 0.789223 
0.000000 0.000000 0.582806 0.812611 
0.000000 0.000000 0.672910 0.739724 
0.000000 0.000000 0.982268 0.187480 
0.000000 0.001858 0.999789 0.020442 
0.000000 0.000000 0.247383 0.968918 
0.000000 0.000000 0.476581 0.879130 
0.000000 0.000000 0.654832 0.755774 
0.000000 0.000000 0.467462 0.884013 
0.000000 0.000000 0.418371 0.908276 
0.000000 0.000000 0.454817 0.890585 
0.000000 0.000000 0.743794 0.668409 
0.000000 0.025966 0.452249 0.891514 
0.000000 0.000000 0.316861 0.948472 
0.000000 0.000000 0.089976 0.995944 
0.000000 0.000000 0.137889 0.990448 
0.000000 0.015025 0.253540 0.967208 
0.000000 0.000000 0.338980 0.940793 
0.000000 0.000000 0.498124 0.867106 
0.000000 0.000000 0.984066 0.177801 
0.000000 0.000000 0.652069 0.758160 
0.000000 0.000000 0.767828 0.640656 
0.000000 0.000000 0.100835 0.994903 
0.000000 0.000000 0.060781 0.998151 
0.000000 0.000000 0.155767 0.987794 
0.000000 0.000000 0.305860 0.952076 
0.000000 0.000000 0.978106 0.208108 
0.000000 0.001413 0.992233 0.124383 
0.000000 0.006624 0.996987 0.077286 
0.000000 0.000000 0.838104 0.545511 
0.000000 0.000000 0.456115 0.889921 
0.000000 0.000000 0.829704 0.558204 
0.000000 0.000000 0.521835 0.853046 
0.000000 0.000000 0.793930 0.608009 
0.000000 0.010694 0.593530 0.804741 
0.000000 0.097077 0.962102 0.254827 
0.000000 0.002542 0.999994 0.002542 
Tiempo de proceso : 0.940000
