Tama¤o de Ventana 64,64
Planos: 4
Limites:
-1 64 128 192 255 
Piezas
0 1 1 1 0 
Ancho: 512 - Alto: 512
Patrones de ENTRENAMIENTO.
Num. Patrones: 10
Dimension: 4
0.000000 0.000000 0.129339 0.991600 
0.000000 0.000000 0.309303 0.950963 
0.000000 0.000000 0.538805 0.842431 
0.000000 0.005225 0.705353 0.708837 
0.000000 0.003903 0.675189 0.737634 
0.000000 0.000000 0.598865 0.800850 
0.000000 0.009666 0.831267 0.555789 
0.000000 0.002259 0.810975 0.585077 
0.000000 0.000000 0.594609 0.804015 
0.000000 0.000000 0.902817 0.430026 
0.000000 0.002355 0.821766 0.569820 
0.000000 0.006205 0.893581 0.448859 
0.000000 0.001803 0.979024 0.203738 
0.000000 0.000000 0.982140 0.188149 
0.000000 0.006318 0.998271 0.058443 
0.000000 0.017252 0.994314 0.105077 
0.000000 0.000000 0.241521 0.970396 
0.000000 0.000000 0.243515 0.969897 
0.000000 0.000000 0.329474 0.944165 
0.000000 0.000000 0.431368 0.902176 
0.000000 0.000000 0.335549 0.942023 
0.000000 0.000000 0.924901 0.380207 
0.000000 0.000000 0.925223 0.379423 
0.000000 0.000000 0.994741 0.102423 
0.000000 0.000000 0.307531 0.951538 
0.000000 0.000000 0.444571 0.895744 
0.000000 0.000000 0.845901 0.533340 
0.000000 0.000000 0.417168 0.908830 
0.000000 0.002187 0.374028 0.927415 
0.000000 0.000000 0.892617 0.450817 
0.000000 0.002142 0.888788 0.458315 
0.000000 0.000000 0.825144 0.564923 
0.000000 0.000000 0.269836 0.962906 
0.000000 0.002259 0.501480 0.865166 
0.000000 0.000000 0.573621 0.819121 
0.000000 0.020531 0.451676 0.891946 
0.000000 0.000000 0.553608 0.832778 
0.000000 0.000000 0.727013 0.686624 
0.000000 0.000000 0.940535 0.339697 
0.000000 0.000000 0.891566 0.452891 
0.000000 0.002186 0.795781 0.605581 
0.000000 0.000000 0.701810 0.712364 
0.000000 0.000000 0.398726 0.917070 
0.000000 0.000000 0.421425 0.906863 
0.000000 0.000000 0.927923 0.372772 
0.000000 0.000000 0.536008 0.844213 
0.000000 0.000000 0.369816 0.929105 
0.000000 0.000000 0.587260 0.809398 
0.000000 0.000000 0.160177 0.987088 
0.000000 0.000000 0.182511 0.983204 
0.000000 0.000000 0.360994 0.932568 
0.000000 0.000000 0.338370 0.941013 
0.000000 0.000000 0.370139 0.928976 
0.000000 0.000000 0.621231 0.783627 
0.000000 0.000000 0.632414 0.774631 
0.000000 0.000000 0.514496 0.857493 
0.000000 0.000000 0.543583 0.839356 
0.000000 0.000000 0.668563 0.743655 
0.000000 0.000000 0.772773 0.634683 
0.000000 0.000000 0.891163 0.453683 
0.000000 0.000000 0.912480 0.409122 
0.000000 0.000000 0.954680 0.297635 
0.000000 0.074203 0.765054 0.639677 
0.000000 0.000000 0.973786 0.227465 
Tiempo de proceso : 0.930000
