Tama¤o de Ventana 64,64
Planos: 4
Limites:
-1 64 128 192 255 
Piezas
0 1 1 1 0 
Ancho: 512 - Alto: 512
Patrones de ENTRENAMIENTO.
Num. Patrones: 10
Dimension: 4
0.000000 0.000000 0.347696 0.937607 
0.000000 0.000000 0.137013 0.990569 
0.000000 0.000000 0.096424 0.995340 
0.000000 0.000000 0.028755 0.999586 
0.000000 0.000000 0.056895 0.998380 
0.000000 0.000000 0.140858 0.990030 
0.000000 0.000000 0.207316 0.978274 
0.000000 0.000000 0.145435 0.989368 
0.000000 0.000000 0.435262 0.900304 
0.000000 0.000000 0.973604 0.228244 
0.000000 0.000000 0.917272 0.398261 
0.000000 0.000000 0.394500 0.918896 
0.000000 0.000000 0.327570 0.944827 
0.000000 0.000000 0.183679 0.982986 
0.000000 0.000000 0.200533 0.979687 
0.000000 0.000000 0.439553 0.898217 
0.000000 0.000000 0.114624 0.993409 
0.000000 0.000000 0.592652 0.805458 
0.000000 0.000000 0.673070 0.739579 
0.000000 0.000000 0.259175 0.965830 
0.000000 0.005084 0.164397 0.986381 
0.000000 0.000000 0.300590 0.953753 
0.000000 0.002246 0.298658 0.954358 
0.000000 0.000000 0.222326 0.974972 
0.000000 0.000000 0.350701 0.936487 
0.000000 0.000000 0.764676 0.644415 
0.000000 0.000000 0.145366 0.989378 
0.000000 0.000000 0.171483 0.985187 
0.000000 0.001549 0.144022 0.989573 
0.000000 0.000000 0.176418 0.984315 
0.000000 0.000000 0.344627 0.938740 
0.000000 0.000000 0.513142 0.858304 
0.000000 0.000000 0.345018 0.938596 
0.000000 0.000000 0.608525 0.793535 
0.000000 0.005364 0.339727 0.940509 
0.000000 0.002506 0.656549 0.754279 
0.000000 0.000000 0.132905 0.991129 
0.000000 0.000000 0.265481 0.964116 
0.000000 0.000000 0.272747 0.962086 
0.000000 0.000000 0.776251 0.630424 
0.000000 0.000000 0.714340 0.699799 
0.000000 0.000000 0.600000 0.800000 
0.000000 0.025328 0.483531 0.874961 
0.000000 0.002295 0.417601 0.908627 
0.000000 0.000000 0.513258 0.858234 
0.000000 0.000000 0.507258 0.861794 
0.000000 0.002949 0.648843 0.760916 
0.000000 0.000000 0.311196 0.950346 
0.000000 0.001810 0.611807 0.791005 
0.000000 0.000000 0.189675 0.981847 
0.000000 0.000000 0.257552 0.966264 
0.000000 0.002548 0.746703 0.665152 
0.000000 0.000000 0.238068 0.971248 
0.000000 0.002149 0.270745 0.962649 
0.000000 0.000000 0.344508 0.938783 
0.000000 0.000000 0.504402 0.863469 
0.000000 0.062912 0.990460 0.122598 
0.000000 0.027704 0.954718 0.296218 
0.000000 0.002087 0.755412 0.655247 
0.000000 0.000000 0.327983 0.944684 
0.000000 0.000000 0.615032 0.788502 
0.000000 0.000000 0.833665 0.552270 
0.000000 0.000000 0.431542 0.902093 
0.000000 0.000000 0.650791 0.759257 
Tiempo de proceso : 0.990000
