Tama¤o de Ventana 64,64
Planos: 4
Limites:
-1 64 128 192 255 
Piezas
0 1 1 1 0 
Ancho: 512 - Alto: 512
Patrones de ENTRENAMIENTO.
Num. Patrones: 10
Dimension: 4
0.000000 0.000000 0.355091 0.934832 
0.000000 0.000000 0.117621 0.993059 
0.000000 0.000000 0.497162 0.867658 
0.000000 0.000000 0.410706 0.911768 
0.000000 0.000000 0.240783 0.970579 
0.000000 0.000000 0.228122 0.973633 
0.000000 0.000000 0.393303 0.919409 
0.000000 0.000000 0.762556 0.646922 
0.000000 0.006208 0.879456 0.475941 
0.000000 0.000000 0.594937 0.803772 
0.000000 0.000000 0.353258 0.935526 
0.000000 0.000000 0.414614 0.909997 
0.000000 0.000000 0.246154 0.969231 
0.000000 0.000000 0.464514 0.885566 
0.000000 0.000000 0.363599 0.931556 
0.000000 0.000000 0.949629 0.313377 
0.000000 0.000000 0.219375 0.975641 
0.000000 0.000000 0.252074 0.967708 
0.000000 0.000000 0.450699 0.892676 
0.000000 0.000000 0.304086 0.952645 
0.000000 0.000000 0.434603 0.900622 
0.000000 0.000000 0.299708 0.954031 
0.000000 0.000000 0.339644 0.940554 
0.000000 0.000000 0.921887 0.387460 
0.000000 0.000000 0.911547 0.411197 
0.000000 0.000000 0.502793 0.864407 
0.000000 0.000000 0.800330 0.599560 
0.000000 0.000000 0.576486 0.817107 
0.000000 0.000000 0.746542 0.665339 
0.000000 0.000000 0.621287 0.783583 
0.000000 0.000000 0.569328 0.822110 
0.000000 0.000000 0.388553 0.921426 
0.000000 0.000000 0.472993 0.881066 
0.000000 0.000000 0.621231 0.783627 
0.000000 0.000000 0.849676 0.527306 
0.000000 0.000000 0.756707 0.653754 
0.000000 0.000000 0.667098 0.744970 
0.000000 0.000000 0.757002 0.653412 
0.000000 0.000000 0.929961 0.367659 
0.000000 0.001650 0.976726 0.214484 
0.000000 0.000000 0.335628 0.941995 
0.000000 0.000000 0.292504 0.956264 
0.000000 0.000000 0.502862 0.864367 
0.000000 0.000000 0.214407 0.976744 
0.000000 0.000000 0.521735 0.853108 
0.000000 0.002171 0.677196 0.735799 
0.000000 0.007941 0.772250 0.635270 
0.000000 0.016275 0.864195 0.502893 
0.000000 0.000000 0.535273 0.844679 
0.000000 0.000000 0.775380 0.631495 
0.000000 0.000000 0.975511 0.219948 
0.000000 0.066463 0.617556 0.783714 
0.000000 0.000000 0.601905 0.798567 
0.000000 0.000000 0.968129 0.250451 
0.000000 0.000000 0.932847 0.360272 
0.000000 0.000000 0.968083 0.250630 
0.000000 0.000000 0.193084 0.981182 
0.000000 0.000000 0.246717 0.969087 
0.000000 0.000000 0.606973 0.794723 
0.000000 0.000000 0.558600 0.829437 
0.000000 0.000000 0.576345 0.817206 
0.000000 0.000000 0.793606 0.608432 
0.000000 0.000000 0.753733 0.657181 
0.000000 0.000000 0.917651 0.397387 
Tiempo de proceso : 0.880000
