Tama¤o de Ventana 64,64
Planos: 4
Limites:
-1 64 128 192 255 
Piezas
0 1 1 1 0 
Ancho: 512 - Alto: 512
Patrones de ENTRENAMIENTO.
Num. Patrones: 10
Dimension: 4
0.000000 0.000000 0.357512 0.933909 
0.000000 0.000000 0.628794 0.777572 
0.000000 0.000000 0.452061 0.891987 
0.000000 0.000000 0.355671 0.934611 
0.000000 0.000000 0.550459 0.834862 
0.000000 0.000000 0.968793 0.247871 
0.000000 0.000000 0.923011 0.384773 
0.000000 0.001525 0.982244 0.187602 
0.000000 0.000000 0.391702 0.920092 
0.000000 0.000000 0.292859 0.956156 
0.000000 0.000000 0.163196 0.986594 
0.000000 0.000000 0.448083 0.893992 
0.000000 0.000000 0.749032 0.662534 
0.000000 0.003717 0.643101 0.765773 
0.000000 0.015242 0.846756 0.531763 
0.000000 0.010920 0.795343 0.606062 
0.000000 0.000000 0.560848 0.827919 
0.000000 0.002689 0.707104 0.707104 
0.000000 0.036215 0.262562 0.964235 
0.000000 0.000000 0.546181 0.837667 
0.000000 0.000000 0.811581 0.584240 
0.000000 0.000000 0.715874 0.698229 
0.000000 0.000000 0.833884 0.551940 
0.000000 0.000000 0.943768 0.330607 
0.000000 0.000000 0.294476 0.955659 
0.000000 0.000000 0.555195 0.831720 
0.000000 0.000000 0.405133 0.914258 
0.000000 0.000000 0.541853 0.840474 
0.000000 0.000000 0.684964 0.728576 
0.000000 0.000000 0.703204 0.710988 
0.000000 0.000000 0.787290 0.616583 
0.000000 0.000000 0.539621 0.841908 
0.000000 0.000000 0.618245 0.785986 
0.000000 0.000000 0.609026 0.793150 
0.000000 0.000000 0.303536 0.952820 
0.000000 0.000000 0.385775 0.922593 
0.000000 0.000000 0.647203 0.762318 
0.000000 0.001850 0.971112 0.238616 
0.000000 0.000000 0.578523 0.815666 
0.000000 0.000000 0.658862 0.752264 
0.000000 0.000000 0.222155 0.975011 
0.006364 0.000000 0.600327 0.799729 
0.007812 0.003906 0.839748 0.542907 
0.000000 0.000000 0.740514 0.672041 
0.000000 0.000000 0.659438 0.751759 
0.000000 0.000000 0.832454 0.554094 
0.000000 0.013849 0.606569 0.794910 
0.000000 0.002409 0.855357 0.518033 
0.000000 0.000000 0.322875 0.946442 
0.000000 0.000000 0.602865 0.797843 
0.000000 0.000000 0.628565 0.777757 
0.000000 0.000000 0.860292 0.509802 
0.000000 0.000000 0.798041 0.602603 
0.000000 0.000000 0.737506 0.675341 
0.000000 0.000000 0.711754 0.702429 
0.000000 0.000000 0.965184 0.261573 
0.000000 0.000000 0.161557 0.986863 
0.000000 0.000000 0.191415 0.981509 
0.000000 0.000000 0.204721 0.978820 
0.000000 0.000000 0.354654 0.934997 
0.000000 0.000000 0.308885 0.951099 
0.000000 0.000000 0.461527 0.887126 
0.000000 0.000000 0.612293 0.790631 
0.000000 0.000000 0.528780 0.848759 
Tiempo de proceso : 0.930000
