Tama¤o de Ventana 64,64
Planos: 3
Limites:
-1 50 150 255 
Piezas
0 1 0 0 0 
Ancho: 512 - Alto: 512
Patrones de ENTRENAMIENTO.
Num. Patrones: 10
Dimension: 3
0.000000 0.000000 1.000000 
0.000000 0.000000 1.000000 
0.000000 0.000000 1.000000 
0.000000 0.000000 1.000000 
0.000000 0.000000 1.000000 
0.000000 0.000000 1.000000 
0.000000 0.000000 1.000000 
0.000000 0.000000 1.000000 
0.000000 0.000000 1.000000 
0.000000 0.000000 1.000000 
0.000000 0.000000 1.000000 
0.000000 0.000000 1.000000 
0.000000 0.000000 1.000000 
0.000000 0.000000 1.000000 
0.000000 0.000000 1.000000 
0.000000 0.000000 1.000000 
0.000000 0.000000 1.000000 
0.002953 0.000000 0.999996 
0.001967 0.000000 0.999998 
0.000000 0.000000 1.000000 
0.000000 0.000000 1.000000 
0.000000 0.000000 1.000000 
0.000000 0.000000 1.000000 
0.000000 0.000000 1.000000 
0.000000 0.000000 1.000000 
0.003941 0.000000 0.999992 
0.022194 0.000000 0.999754 
0.000000 0.000000 1.000000 
0.000000 0.000000 1.000000 
0.000000 0.000000 1.000000 
0.000000 0.000000 1.000000 
0.006986 0.000000 0.999976 
0.000000 0.000000 1.000000 
0.000000 0.000000 1.000000 
0.000000 0.000000 1.000000 
0.000000 0.000000 1.000000 
0.000000 0.000000 1.000000 
0.000000 0.000000 1.000000 
0.000000 0.000000 1.000000 
0.000000 0.000000 1.000000 
0.008964 0.001992 0.999958 
0.006979 0.000997 0.999975 
0.000000 0.000000 1.000000 
0.000000 0.000000 1.000000 
0.000000 0.000000 1.000000 
0.000000 0.000000 1.000000 
0.000000 0.000000 1.000000 
0.000000 0.000000 1.000000 
0.011178 0.003049 0.999933 
0.000000 0.000000 1.000000 
0.000000 0.000000 1.000000 
0.000000 0.000000 1.000000 
0.000000 0.000000 1.000000 
0.000000 0.000000 1.000000 
0.000000 0.000000 1.000000 
0.000000 0.000000 1.000000 
0.000000 0.000000 1.000000 
0.000000 0.000000 1.000000 
0.000000 0.000000 1.000000 
0.000000 0.000000 1.000000 
0.013278 0.004085 0.999904 
0.000000 0.000000 1.000000 
0.000000 0.000000 1.000000 
0.000000 0.000000 1.000000 
Tiempo de proceso : 0.770000
