Tama¤o de Ventana 64,64
Planos: 5
Limites:
-1 32 64 96 128 255 
Piezas
0 1 1 1 0 
Ancho: 512 - Alto: 512
Patrones de ENTRENAMIENTO.
Num. Patrones: 64
Dimension: 5
0.000000 0.000000 0.000000 0.000000 1.000000 
0.000000 0.000000 0.000000 0.000000 1.000000 
0.000000 0.000000 0.000000 0.001807 0.999998 
0.000000 0.000000 0.000000 0.000000 1.000000 
0.000000 0.000000 0.000000 0.000000 1.000000 
0.000000 0.000000 0.000000 0.000000 1.000000 
0.000000 0.000000 0.000000 0.002941 0.999996 
0.000000 0.000000 0.000000 0.001786 0.999998 
0.000000 0.000000 0.000000 0.000591 1.000000 
0.000000 0.000000 0.000000 0.000000 1.000000 
0.000000 0.000000 0.000000 0.000000 1.000000 
0.000000 0.000000 0.000000 0.000000 1.000000 
0.000000 0.000000 0.000000 0.010745 0.999942 
0.000000 0.000000 0.000000 0.000000 1.000000 
0.000000 0.000000 0.000000 0.000587 1.000000 
0.000000 0.000000 0.000000 0.000000 1.000000 
0.000000 0.000000 0.000000 0.000000 1.000000 
0.000000 0.000000 0.000000 0.000000 1.000000 
0.000000 0.000000 0.000000 0.000000 1.000000 
0.000000 0.000000 0.000000 0.000000 1.000000 
0.000000 0.000000 0.000000 0.002367 0.999997 
0.000000 0.000000 0.000000 0.000000 1.000000 
0.000000 0.000000 0.000000 0.000000 1.000000 
0.000000 0.000000 0.000000 0.002955 0.999996 
0.000000 0.000000 0.000000 0.000000 1.000000 
0.000000 0.000000 0.000000 0.000000 1.000000 
0.000000 0.000000 0.000000 0.000000 1.000000 
0.000000 0.000000 0.000000 0.000000 1.000000 
0.000000 0.000608 0.000000 0.009124 0.999958 
0.000000 0.000000 0.000000 0.003580 0.999994 
0.000000 0.000000 0.000000 0.000000 1.000000 
0.000000 0.000000 0.000000 0.000000 1.000000 
0.000000 0.000000 0.000000 0.000000 1.000000 
0.000000 0.000000 0.000000 0.000000 1.000000 
0.000000 0.000000 0.000000 0.000000 1.000000 
0.000000 0.000000 0.000000 0.000000 1.000000 
0.000000 0.000000 0.000000 0.008599 0.999963 
0.000000 0.000000 0.000000 0.018120 0.999836 
0.000000 0.000000 0.000000 0.000000 1.000000 
0.000000 0.000000 0.000000 0.000000 1.000000 
0.000000 0.000000 0.000000 0.000000 1.000000 
0.000000 0.000000 0.000000 0.000591 1.000000 
0.000000 0.000000 0.000000 0.000000 1.000000 
0.000000 0.000000 0.000000 0.000000 1.000000 
0.000000 0.000000 0.000000 0.001186 0.999999 
0.000000 0.000000 0.000000 0.000000 1.000000 
0.000000 0.000000 0.000000 0.000000 1.000000 
0.000000 0.000000 0.000000 0.000000 1.000000 
0.000000 0.000000 0.000000 0.000000 1.000000 
0.000000 0.001202 0.000000 0.000601 0.999999 
0.004450 0.001907 0.000000 0.000636 0.999988 
0.000000 0.000000 0.000000 0.000000 1.000000 
0.000000 0.000000 0.000595 0.000000 1.000000 
0.000597 0.000597 0.000000 0.000000 1.000000 
0.000000 0.000000 0.000000 0.000000 1.000000 
0.000000 0.000000 0.000000 0.000000 1.000000 
0.000000 0.000000 0.000000 0.000000 1.000000 
0.000000 0.000000 0.000000 0.000000 1.000000 
0.000000 0.000000 0.000000 0.000000 1.000000 
0.000000 0.000000 0.000000 0.000000 1.000000 
0.000000 0.000000 0.000000 0.000000 1.000000 
0.000000 0.000000 0.000000 0.000000 1.000000 
0.000000 0.000000 0.000000 0.000000 1.000000 
0.000000 0.000000 0.000000 0.000000 1.000000 
Tiempo de proceso : 1.100000
