Tama¤o de Ventana 64,64
Planos: 5
Limites:
-1 32 64 96 128 255 
Piezas
0 1 1 1 0 
Ancho: 512 - Alto: 512
Patrones de ENTRENAMIENTO.
Num. Patrones: 64
Dimension: 5
0.000000 0.000000 0.000000 0.000000 1.000000 
0.000000 0.000000 0.000000 0.000000 1.000000 
0.000000 0.000000 0.000000 0.000000 1.000000 
0.000000 0.000000 0.000000 0.000000 1.000000 
0.000000 0.000000 0.000000 0.000000 1.000000 
0.000000 0.000000 0.000000 0.000000 1.000000 
0.000000 0.000000 0.000000 0.000000 1.000000 
0.000000 0.000000 0.000000 0.000000 1.000000 
0.000000 0.000000 0.000000 0.000000 1.000000 
0.000000 0.000000 0.000000 0.000000 1.000000 
0.000000 0.000000 0.000000 0.000000 1.000000 
0.000614 0.000000 0.000000 0.000000 1.000000 
0.000000 0.000000 0.000000 0.000000 1.000000 
0.000000 0.000000 0.000000 0.000000 1.000000 
0.000000 0.000613 0.001226 0.000000 0.999999 
0.000000 0.000000 0.000000 0.000000 1.000000 
0.000000 0.000000 0.000000 0.000000 1.000000 
0.000000 0.000000 0.000000 0.000000 1.000000 
0.000000 0.000000 0.000000 0.000000 1.000000 
0.000000 0.000000 0.000000 0.000000 1.000000 
0.000000 0.000000 0.000000 0.008469 0.999964 
0.000000 0.000000 0.000000 0.000000 1.000000 
0.000000 0.000000 0.000000 0.000000 1.000000 
0.000000 0.000000 0.000000 0.000000 1.000000 
0.000000 0.000000 0.000000 0.000000 1.000000 
0.000000 0.000000 0.000000 0.000000 1.000000 
0.000000 0.000000 0.000000 0.000000 1.000000 
0.000000 0.000000 0.000000 0.031024 0.999519 
0.000000 0.000000 0.000000 0.006583 0.999978 
0.000000 0.000000 0.000000 0.000000 1.000000 
0.000000 0.000000 0.000000 0.000000 1.000000 
0.000000 0.000000 0.000000 0.000000 1.000000 
0.000000 0.000000 0.000000 0.000000 1.000000 
0.000000 0.000000 0.000000 0.000000 1.000000 
0.000000 0.000000 0.000000 0.000000 1.000000 
0.000000 0.000000 0.000000 0.000000 1.000000 
0.000000 0.001181 0.000000 0.000000 0.999999 
0.000000 0.000000 0.000000 0.000000 1.000000 
0.000000 0.000000 0.000000 0.000000 1.000000 
0.000000 0.000000 0.000000 0.000000 1.000000 
0.000000 0.000000 0.000000 0.000596 1.000000 
0.000000 0.000000 0.000000 0.000000 1.000000 
0.000000 0.000000 0.000000 0.000000 1.000000 
0.000000 0.000000 0.000000 0.000000 1.000000 
0.000000 0.000000 0.000000 0.000000 1.000000 
0.000000 0.000000 0.000000 0.000585 1.000000 
0.000000 0.000000 0.000000 0.000000 1.000000 
0.000000 0.000000 0.000000 0.000589 1.000000 
0.000000 0.000000 0.000000 0.000000 1.000000 
0.000000 0.000000 0.000000 0.000000 1.000000 
0.000000 0.000000 0.000000 0.000585 1.000000 
0.000000 0.000000 0.000000 0.000000 1.000000 
0.000000 0.000000 0.001184 0.000592 0.999999 
0.000000 0.000000 0.000000 0.000000 1.000000 
0.000000 0.000000 0.000000 0.000000 1.000000 
0.000000 0.000000 0.000000 0.001763 0.999998 
0.000000 0.000000 0.000000 0.000000 1.000000 
0.000000 0.000000 0.000000 0.000000 1.000000 
0.000000 0.000000 0.000000 0.000000 1.000000 
0.000000 0.000000 0.000000 0.000000 1.000000 
0.000000 0.000000 0.000000 0.000000 1.000000 
0.000000 0.000000 0.000000 0.000000 1.000000 
0.000000 0.000000 0.000000 0.000584 1.000000 
0.000000 0.000000 0.001826 0.001217 0.999998 
Tiempo de proceso : 1.160000
