Tama¤o de Ventana 64,64
Planos: 5
Limites:
-1 32 64 96 128 255 
Piezas
0 1 1 1 0 
Ancho: 512 - Alto: 512
Patrones de ENTRENAMIENTO.
Num. Patrones: 64
Dimension: 5
0.000000 0.000000 0.004665 0.112734 0.993614 
0.000000 0.000000 0.003184 0.178324 0.983967 
0.000000 0.000000 0.008766 0.211257 0.977391 
0.000000 0.000000 0.018604 0.160347 0.986885 
0.000000 0.000000 0.011220 0.275815 0.961145 
0.000000 0.000000 0.005399 0.282552 0.959237 
0.000000 0.000000 0.000000 0.320644 0.947200 
0.000000 0.000000 0.000848 0.306284 0.951940 
0.000000 0.000000 0.000000 0.000000 1.000000 
0.000000 0.000000 0.000000 0.000000 1.000000 
0.000000 0.000000 0.000000 0.000000 1.000000 
0.000000 0.000000 0.000000 0.000000 1.000000 
0.000000 0.000000 0.000000 0.000000 1.000000 
0.000000 0.000000 0.000000 0.016461 0.999864 
0.000000 0.000000 0.000000 0.033040 0.999454 
0.000000 0.000000 0.000000 0.032928 0.999458 
0.000000 0.000000 0.000000 0.000000 1.000000 
0.000000 0.000000 0.000000 0.000000 1.000000 
0.000000 0.000000 0.000000 0.000000 1.000000 
0.000000 0.000000 0.000000 0.000000 1.000000 
0.000000 0.000000 0.000000 0.000000 1.000000 
0.000000 0.000000 0.000000 0.000000 1.000000 
0.000000 0.000000 0.000000 0.000000 1.000000 
0.000000 0.000000 0.000000 0.000000 1.000000 
0.000000 0.000000 0.000000 0.000000 1.000000 
0.000000 0.000000 0.000000 0.000000 1.000000 
0.000000 0.000000 0.000000 0.000000 1.000000 
0.000000 0.000000 0.000000 0.000000 1.000000 
0.000000 0.000000 0.000000 0.000000 1.000000 
0.000000 0.000000 0.000000 0.000000 1.000000 
0.000000 0.000000 0.000000 0.000000 1.000000 
0.000000 0.000000 0.000000 0.000000 1.000000 
0.000000 0.000000 0.000000 0.067625 0.997711 
0.000000 0.000000 0.000000 0.119649 0.992816 
0.000000 0.000000 0.000000 0.143126 0.989704 
0.000000 0.000000 0.000000 0.103006 0.994681 
0.000000 0.000000 0.000000 0.080556 0.996750 
0.000000 0.000000 0.000000 0.138859 0.990312 
0.000000 0.000000 0.000000 0.049557 0.998771 
0.000000 0.000000 0.000000 0.020901 0.999782 
0.000000 0.000000 0.000000 0.000000 1.000000 
0.000000 0.000000 0.000000 0.000000 1.000000 
0.000000 0.000000 0.000000 0.000000 1.000000 
0.000000 0.000000 0.000000 0.000000 1.000000 
0.000000 0.000000 0.000000 0.000000 1.000000 
0.000000 0.000000 0.000000 0.000000 1.000000 
0.000000 0.000000 0.000000 0.000000 1.000000 
0.000000 0.000000 0.000000 0.000000 1.000000 
0.000000 0.000000 0.000950 0.201412 0.979506 
0.000000 0.000000 0.000000 0.123928 0.992291 
0.000000 0.000000 0.000000 0.035970 0.999353 
0.000000 0.000000 0.000000 0.108807 0.994063 
0.000000 0.000000 0.000000 0.103912 0.994586 
0.000000 0.000000 0.000000 0.049399 0.998779 
0.000000 0.000000 0.000000 0.029270 0.999572 
0.000000 0.000000 0.000000 0.029440 0.999567 
0.000000 0.000000 0.000000 0.000000 1.000000 
0.000000 0.000000 0.000000 0.000000 1.000000 
0.000000 0.000000 0.000000 0.000000 1.000000 
0.000000 0.000000 0.000000 0.000000 1.000000 
0.000000 0.000000 0.000000 0.000000 1.000000 
0.000000 0.000000 0.000000 0.000000 1.000000 
0.000000 0.000000 0.000000 0.005555 0.999985 
0.000000 0.000000 0.000000 0.005657 0.999984 
Tiempo de proceso : 1.090000
