Tama¤o de Ventana 64,64
Planos: 5
Limites:
-1 32 64 96 128 255 
Piezas
0 1 1 1 0 
Ancho: 512 - Alto: 512
Patrones de ENTRENAMIENTO.
Num. Patrones: 64
Dimension: 5
0.000000 0.000000 0.000000 0.000000 1.000000 
0.000000 0.000000 0.000000 0.000000 1.000000 
0.000000 0.000000 0.000000 0.000000 1.000000 
0.000000 0.000000 0.000000 0.000000 1.000000 
0.000000 0.000000 0.000000 0.001175 0.999999 
0.000000 0.000000 0.000000 0.006695 0.999978 
0.000000 0.000000 0.000000 0.025732 0.999669 
0.000000 0.000000 0.000000 0.154620 0.987974 
0.000000 0.000000 0.000000 0.074046 0.997255 
0.000000 0.000000 0.000000 0.120490 0.992715 
0.000000 0.000000 0.000701 0.107894 0.994162 
0.000000 0.000000 0.000000 0.039477 0.999220 
0.000000 0.000000 0.000000 0.009085 0.999959 
0.000000 0.000000 0.000000 0.000000 1.000000 
0.000000 0.000000 0.000000 0.000000 1.000000 
0.000000 0.000000 0.000000 0.000000 1.000000 
0.000000 0.000000 0.000000 0.000606 1.000000 
0.000000 0.000000 0.000000 0.000604 1.000000 
0.000000 0.000000 0.000000 0.014751 0.999891 
0.000000 0.000000 0.000000 0.116971 0.993135 
0.000000 0.000000 0.000831 0.220184 0.975458 
0.000000 0.000000 0.000000 0.289070 0.957308 
0.000000 0.000000 0.000000 0.314818 0.949152 
0.000000 0.000000 0.000000 0.368898 0.929470 
0.000000 0.000000 0.000000 0.000000 1.000000 
0.000000 0.000000 0.000000 0.000000 1.000000 
0.000000 0.000000 0.000000 0.000000 1.000000 
0.000000 0.000000 0.000000 0.000000 1.000000 
0.000000 0.000000 0.000000 0.000000 1.000000 
0.000000 0.000000 0.000000 0.000000 1.000000 
0.000000 0.000000 0.000000 0.000000 1.000000 
0.000000 0.000000 0.000000 0.000000 1.000000 
0.000000 0.000000 0.000000 0.000000 1.000000 
0.000000 0.000000 0.000000 0.000000 1.000000 
0.000000 0.000000 0.000000 0.000000 1.000000 
0.000000 0.000000 0.000000 0.000000 1.000000 
0.000000 0.000000 0.000000 0.000000 1.000000 
0.000000 0.000000 0.000000 0.000000 1.000000 
0.000000 0.000000 0.000000 0.000000 1.000000 
0.000000 0.000000 0.000000 0.000000 1.000000 
0.000000 0.000000 0.000000 0.053714 0.998556 
0.000000 0.000000 0.000000 0.114832 0.993385 
0.000000 0.000000 0.000000 0.120056 0.992767 
0.000000 0.000000 0.000000 0.044160 0.999025 
0.000000 0.000000 0.000000 0.042466 0.999098 
0.000000 0.000000 0.000000 0.074238 0.997241 
0.000000 0.000000 0.000000 0.051793 0.998658 
0.000000 0.000000 0.000000 0.038302 0.999266 
0.000000 0.000000 0.000000 0.000000 1.000000 
0.000000 0.000000 0.000000 0.000000 1.000000 
0.000000 0.000000 0.000000 0.000000 1.000000 
0.000000 0.000000 0.000000 0.000000 1.000000 
0.000000 0.000000 0.000000 0.000000 1.000000 
0.000000 0.000000 0.000000 0.026067 0.999660 
0.000000 0.000000 0.000000 0.028580 0.999591 
0.000000 0.000000 0.000000 0.067870 0.997694 
0.000000 0.000000 0.000000 0.029757 0.999557 
0.000000 0.000000 0.000000 0.032157 0.999483 
0.000000 0.000000 0.000000 0.013629 0.999907 
0.000000 0.000000 0.000000 0.000000 1.000000 
0.000000 0.000000 0.000000 0.000000 1.000000 
0.000000 0.000000 0.000000 0.000000 1.000000 
0.000000 0.000000 0.000000 0.000000 1.000000 
0.000000 0.000000 0.000000 0.000000 1.000000 
Tiempo de proceso : 1.100000
