Tama¤o de Ventana 64,64
Planos: 5
Limites:
-1 32 64 96 128 255 
Piezas
0 1 1 1 0 
Ancho: 512 - Alto: 512
Patrones de ENTRENAMIENTO.
Num. Patrones: 64
Dimension: 5
0.000000 0.000000 0.000000 0.000000 1.000000 
0.000000 0.000000 0.000000 0.000000 1.000000 
0.000000 0.000000 0.000000 0.000000 1.000000 
0.000000 0.000000 0.000000 0.000000 1.000000 
0.000000 0.000000 0.000000 0.000000 1.000000 
0.000000 0.000000 0.000000 0.000000 1.000000 
0.000000 0.000000 0.000000 0.000000 1.000000 
0.000000 0.000000 0.000000 0.000000 1.000000 
0.000000 0.000000 0.000000 0.000000 1.000000 
0.000000 0.000000 0.000000 0.000000 1.000000 
0.000000 0.000000 0.000000 0.000000 1.000000 
0.000000 0.000000 0.000000 0.000000 1.000000 
0.000000 0.000000 0.000000 0.000000 1.000000 
0.000000 0.000000 0.000000 0.000000 1.000000 
0.000000 0.000000 0.000000 0.000000 1.000000 
0.000000 0.000000 0.000000 0.000000 1.000000 
0.000000 0.000642 0.000000 0.012194 0.999925 
0.000000 0.000000 0.000000 0.001913 0.999998 
0.000000 0.000000 0.000000 0.001908 0.999998 
0.000000 0.000000 0.000000 0.000000 1.000000 
0.000000 0.000000 0.000000 0.002633 0.999996 
0.000000 0.000000 0.000000 0.001305 0.999999 
0.000000 0.000000 0.000000 0.001351 0.999999 
0.000000 0.000000 0.000000 0.000000 1.000000 
0.000000 0.000000 0.001693 0.071969 0.997405 
0.000000 0.000000 0.000000 0.060736 0.998154 
0.000000 0.000000 0.003651 0.028476 0.999588 
0.000000 0.000000 0.000000 0.021797 0.999762 
0.000000 0.000000 0.000000 0.007879 0.999969 
0.000000 0.000000 0.000000 0.008639 0.999963 
0.000000 0.000000 0.000000 0.001403 0.999999 
0.000000 0.000000 0.000000 0.007752 0.999970 
0.000000 0.000000 0.000000 0.000000 1.000000 
0.000000 0.000000 0.000000 0.000000 1.000000 
0.000000 0.000000 0.000000 0.000000 1.000000 
0.000000 0.000000 0.000000 0.000000 1.000000 
0.000000 0.000000 0.000000 0.000000 1.000000 
0.000000 0.000000 0.000000 0.000000 1.000000 
0.000000 0.000000 0.000000 0.000000 1.000000 
0.000000 0.000000 0.000000 0.000000 1.000000 
0.000000 0.000000 0.000000 0.091452 0.995809 
0.000000 0.000000 0.000000 0.151290 0.988489 
0.000000 0.000000 0.000000 0.202606 0.979260 
0.000000 0.000000 0.000000 0.120248 0.992744 
0.000000 0.000000 0.000000 0.105823 0.994385 
0.000000 0.000000 0.000000 0.093553 0.995614 
0.000000 0.000000 0.000000 0.134997 0.990846 
0.000000 0.000000 0.000000 0.096840 0.995300 
0.000000 0.000000 0.000000 0.000000 1.000000 
0.000000 0.000000 0.000000 0.000000 1.000000 
0.000000 0.000000 0.000000 0.000000 1.000000 
0.000000 0.000000 0.000000 0.000000 1.000000 
0.006634 0.000000 0.000000 0.000000 0.999978 
0.000000 0.000000 0.000000 0.000000 1.000000 
0.000000 0.000000 0.000000 0.000000 1.000000 
0.000000 0.000000 0.000000 0.000000 1.000000 
0.000000 0.000000 0.000000 0.000000 1.000000 
0.000000 0.000000 0.000000 0.000000 1.000000 
0.000000 0.000000 0.000000 0.000000 1.000000 
0.000000 0.000000 0.000000 0.000000 1.000000 
0.000000 0.000000 0.000000 0.000000 1.000000 
0.000000 0.000000 0.000000 0.000000 1.000000 
0.000000 0.000000 0.000000 0.000000 1.000000 
0.000000 0.000000 0.000000 0.000000 1.000000 
Tiempo de proceso : 1.100000
