Tama¤o de Ventana 64,64
Planos: 5
Limites:
-1 32 64 96 128 255 
Piezas
0 1 1 1 0 
Ancho: 512 - Alto: 512
Patrones de ENTRENAMIENTO.
Num. Patrones: 64
Dimension: 5
0.000000 0.000000 0.000000 0.043722 0.999044 
0.000000 0.000000 0.000000 0.054936 0.998490 
0.000000 0.000000 0.001514 0.094630 0.995511 
0.000000 0.000000 0.007155 0.136742 0.990581 
0.000000 0.000000 0.007779 0.218662 0.975770 
0.000000 0.000000 0.012224 0.172876 0.984868 
0.000000 0.000000 0.020919 0.218695 0.975569 
0.000000 0.000000 0.005668 0.333457 0.942748 
0.000000 0.000000 0.000000 0.000000 1.000000 
0.000000 0.000000 0.000000 0.000000 1.000000 
0.000000 0.000000 0.000000 0.000000 1.000000 
0.000000 0.000000 0.000000 0.000000 1.000000 
0.000000 0.000000 0.000000 0.000000 1.000000 
0.000000 0.000000 0.000000 0.000000 1.000000 
0.000000 0.000000 0.000000 0.000000 1.000000 
0.000000 0.000000 0.000000 0.000000 1.000000 
0.000000 0.000000 0.000000 0.000000 1.000000 
0.000000 0.000000 0.000000 0.000000 1.000000 
0.000000 0.000000 0.000000 0.000000 1.000000 
0.000000 0.000000 0.000000 0.000000 1.000000 
0.000000 0.000000 0.000000 0.000000 1.000000 
0.000000 0.000000 0.000000 0.000000 1.000000 
0.000000 0.000000 0.000000 0.000000 1.000000 
0.000000 0.000000 0.000000 0.000000 1.000000 
0.000000 0.000000 0.000000 0.114792 0.993390 
0.000000 0.000000 0.000000 0.034352 0.999410 
0.000000 0.000000 0.000000 0.053451 0.998570 
0.000000 0.000000 0.000000 0.025172 0.999683 
0.000000 0.000000 0.000000 0.018410 0.999830 
0.000000 0.000000 0.000000 0.051493 0.998673 
0.000000 0.000000 0.000000 0.018490 0.999829 
0.000000 0.000000 0.000000 0.032498 0.999472 
0.000000 0.000000 0.000000 0.023160 0.999732 
0.000000 0.000000 0.000000 0.010471 0.999945 
0.000000 0.000000 0.000000 0.020671 0.999786 
0.000000 0.000000 0.000000 0.076480 0.997071 
0.000000 0.000000 0.000000 0.081620 0.996663 
0.000000 0.000000 0.000000 0.036312 0.999341 
0.000000 0.000000 0.000000 0.055146 0.998478 
0.000000 0.000000 0.000000 0.072174 0.997392 
0.000000 0.000000 0.000000 0.000000 1.000000 
0.000000 0.000000 0.000000 0.000000 1.000000 
0.000000 0.000000 0.000000 0.000000 1.000000 
0.000000 0.000000 0.000000 0.000000 1.000000 
0.000000 0.000000 0.000000 0.000000 1.000000 
0.000000 0.000000 0.000000 0.000000 1.000000 
0.000000 0.000000 0.000000 0.000000 1.000000 
0.000000 0.000000 0.000000 0.000000 1.000000 
0.000000 0.000000 0.000000 0.100003 0.994987 
0.000000 0.000000 0.000000 0.038403 0.999262 
0.000000 0.000000 0.000000 0.156492 0.987679 
0.000000 0.000000 0.000000 0.172980 0.984925 
0.000000 0.000000 0.000000 0.045928 0.998945 
0.000000 0.000000 0.000000 0.089793 0.995960 
0.000000 0.000000 0.000000 0.106265 0.994338 
0.000000 0.000000 0.000000 0.090010 0.995941 
0.000000 0.000000 0.000000 0.000000 1.000000 
0.000000 0.000000 0.000000 0.000000 1.000000 
0.000000 0.000000 0.000000 0.000000 1.000000 
0.000000 0.000000 0.000000 0.000000 1.000000 
0.000000 0.000000 0.000000 0.000000 1.000000 
0.000000 0.000000 0.000000 0.000000 1.000000 
0.005392 0.000000 0.000000 0.000000 0.999986 
0.000000 0.000000 0.000000 0.000000 1.000000 
Tiempo de proceso : 1.210000
