Tama¤o de Ventana 64,64
Planos: 4
Limites:
-1 64 128 192 255 
Piezas
0 1 1 1 0 
Ancho: 512 - Alto: 512
Patrones de ENTRENAMIENTO.
Num. Patrones: 10
Dimension: 4
0.000000 0.078121 0.617866 0.782393 
0.000000 0.080579 0.733153 0.675273 
0.000000 0.354262 0.638894 0.682871 
0.000000 0.428818 0.646428 0.631067 
0.000000 0.542740 0.569411 0.617417 
0.000000 0.517860 0.365629 0.773393 
0.000000 0.564597 0.192128 0.802694 
0.000000 0.567543 0.065939 0.820699 
0.000000 0.000000 0.353288 0.935515 
0.000000 0.000000 0.218618 0.975811 
0.000000 0.000000 0.139573 0.990212 
0.000000 0.000000 0.085307 0.996355 
0.000000 0.000000 0.172849 0.984948 
0.000000 0.000000 0.264969 0.964257 
0.000000 0.000000 0.494049 0.869434 
0.000000 0.000000 0.631329 0.775515 
0.000000 0.000000 0.000732 1.000000 
0.000000 0.000000 0.052669 0.998612 
0.000000 0.000000 0.013248 0.999912 
0.000000 0.000000 0.002158 0.999998 
0.000000 0.000000 0.000000 1.000000 
0.000000 0.000000 0.007310 0.999973 
0.000000 0.000000 0.050739 0.998712 
0.000000 0.000000 0.025195 0.999683 
0.000000 0.177097 0.183560 0.966924 
0.000000 0.165231 0.201151 0.965524 
0.000000 0.129048 0.397467 0.908497 
0.000000 0.197475 0.340475 0.919282 
0.000000 0.155510 0.133295 0.978800 
0.000000 0.123071 0.032332 0.991871 
0.000000 0.048607 0.017675 0.998662 
0.000000 0.046644 0.038163 0.998182 
0.000000 0.000000 0.025939 0.999664 
0.000000 0.000000 0.028973 0.999580 
0.000000 0.000000 0.106065 0.994359 
0.000000 0.018973 0.071150 0.997285 
0.000000 0.003674 0.104110 0.994559 
0.000000 0.023950 0.053344 0.998289 
0.000000 0.059326 0.075805 0.995356 
0.000000 0.081849 0.048086 0.995484 
0.000000 0.027194 0.079639 0.996453 
0.000000 0.012673 0.047524 0.998790 
0.000000 0.015051 0.019012 0.999706 
0.000000 0.008763 0.074482 0.997184 
0.000000 0.000000 0.073403 0.997302 
0.000000 0.000000 0.045667 0.998957 
0.000000 0.000000 0.018814 0.999823 
0.000000 0.000000 0.044758 0.998998 
0.000000 0.032618 0.286843 0.957422 
0.000000 0.098800 0.194575 0.975899 
0.000000 0.208622 0.164369 0.964085 
0.000000 0.157945 0.361958 0.918716 
0.000000 0.098983 0.405471 0.908733 
0.000000 0.186647 0.341298 0.921238 
0.000000 0.133526 0.449134 0.883431 
0.000000 0.066965 0.455116 0.887910 
0.000000 0.000000 0.000000 1.000000 
0.000000 0.000000 0.000000 1.000000 
0.000000 0.000000 0.000000 1.000000 
0.000000 0.000000 0.002656 0.999996 
0.000000 0.000000 0.000000 1.000000 
0.010046 0.000000 0.000670 0.999949 
0.000000 0.000000 0.001274 0.999999 
0.000000 0.000000 0.000000 1.000000 
Tiempo de proceso : 0.990000
