Tama¤o de Ventana 64,64
Planos: 4
Limites:
-1 64 128 192 255 
Piezas
0 1 1 1 0 
Ancho: 512 - Alto: 512
Patrones de ENTRENAMIENTO.
Num. Patrones: 10
Dimension: 4
0.000000 0.000000 0.268915 0.963164 
0.000000 0.000000 0.086673 0.996237 
0.000000 0.000000 0.017768 0.999842 
0.000000 0.000000 0.325991 0.945373 
0.000000 0.000000 0.370201 0.928952 
0.000000 0.000000 0.571727 0.820444 
0.000000 0.000000 0.642904 0.765947 
0.000000 0.000000 0.292733 0.956194 
0.000000 0.000000 0.002471 0.999997 
0.000000 0.000000 0.000000 1.000000 
0.000000 0.000000 0.000000 1.000000 
0.000000 0.000000 0.000000 1.000000 
0.000000 0.000000 0.000615 1.000000 
0.000000 0.000000 0.001302 0.999999 
0.000000 0.000000 0.000000 1.000000 
0.000000 0.000000 0.079745 0.996815 
0.000690 0.020004 0.024143 0.999508 
0.000000 0.002395 0.036716 0.999323 
0.000000 0.002604 0.070321 0.997521 
0.000000 0.000000 0.162768 0.986664 
0.000000 0.003660 0.095154 0.995456 
0.000000 0.001940 0.150380 0.988626 
0.000000 0.002352 0.183436 0.983029 
0.000000 0.000000 0.176848 0.984238 
0.000000 0.116073 0.150149 0.981826 
0.000000 0.091978 0.217500 0.971717 
0.000000 0.105530 0.310502 0.944697 
0.000000 0.072626 0.365436 0.927999 
0.000000 0.013209 0.362646 0.931833 
0.000000 0.015935 0.309407 0.950796 
0.000000 0.003065 0.292684 0.956204 
0.000000 0.017031 0.449006 0.893367 
0.000000 0.000000 0.012334 0.999924 
0.000000 0.000000 0.009182 0.999958 
0.000000 0.000000 0.008035 0.999968 
0.000000 0.000000 0.031678 0.999498 
0.000000 0.000000 0.004376 0.999990 
0.000000 0.000000 0.027576 0.999620 
0.000000 0.000000 0.015366 0.999882 
0.000000 0.000000 0.014363 0.999897 
0.000000 0.128976 0.324216 0.937149 
0.000000 0.197727 0.183687 0.962893 
0.000000 0.323569 0.187329 0.927476 
0.000000 0.166679 0.178845 0.969656 
0.000000 0.147028 0.263927 0.953271 
0.000000 0.148627 0.332767 0.931223 
0.000000 0.224985 0.283910 0.932082 
0.000000 0.141735 0.244099 0.959337 
0.000000 0.000000 0.000000 1.000000 
0.000000 0.000000 0.000000 1.000000 
0.000000 0.000000 0.001848 0.999998 
0.000000 0.000000 0.000624 1.000000 
0.008535 0.000000 0.001970 0.999962 
0.000000 0.000000 0.012844 0.999918 
0.000000 0.000000 0.007449 0.999972 
0.000000 0.000000 0.003727 0.999993 
0.000000 0.000000 0.016059 0.999871 
0.000000 0.000000 0.013629 0.999907 
0.000000 0.000000 0.010526 0.999945 
0.000000 0.000000 0.046480 0.998919 
0.000000 0.000000 0.075488 0.997147 
0.000000 0.000000 0.063176 0.998002 
0.000000 0.000000 0.098335 0.995153 
0.000000 0.000000 0.087501 0.996164 
Tiempo de proceso : 0.990000
