Tama¤o de Ventana 64,64
Planos: 4
Limites:
-1 64 128 192 255 
Piezas
0 1 1 1 0 
Ancho: 512 - Alto: 512
Patrones de ENTRENAMIENTO.
Num. Patrones: 10
Dimension: 4
0.000000 0.000000 0.074499 0.997221 
0.000000 0.000000 0.080154 0.996783 
0.000000 0.000000 0.015357 0.999882 
0.000000 0.000000 0.006639 0.999978 
0.000000 0.000000 0.008665 0.999962 
0.000000 0.000000 0.077220 0.997014 
0.000000 0.000000 0.036132 0.999347 
0.000000 0.000000 0.159598 0.987182 
0.000000 0.000000 0.007117 0.999975 
0.000000 0.000000 0.003336 0.999994 
0.000000 0.000000 0.001997 0.999998 
0.000000 0.000000 0.001989 0.999998 
0.000000 0.000000 0.000650 1.000000 
0.000000 0.000000 0.000000 1.000000 
0.000000 0.000000 0.003762 0.999993 
0.000000 0.000000 0.000000 1.000000 
0.000851 0.044273 0.075775 0.996141 
0.000000 0.051048 0.035205 0.998075 
0.000000 0.026157 0.030516 0.999192 
0.000000 0.009827 0.064322 0.997881 
0.000000 0.000779 0.049083 0.998794 
0.000000 0.010562 0.026404 0.999596 
0.000000 0.004692 0.052394 0.998616 
0.000000 0.010963 0.038371 0.999203 
0.000000 0.040356 0.070389 0.996703 
0.000000 0.031373 0.063669 0.997478 
0.000000 0.030539 0.082635 0.996112 
0.000000 0.006030 0.126630 0.991932 
0.000000 0.005389 0.106880 0.994257 
0.000000 0.001826 0.090371 0.995907 
0.000000 0.004402 0.081004 0.996704 
0.000000 0.027458 0.057756 0.997953 
0.000000 0.000000 0.008679 0.999962 
0.000000 0.000000 0.027434 0.999624 
0.000000 0.000000 0.053097 0.998589 
0.000000 0.000000 0.021190 0.999775 
0.000000 0.000000 0.017066 0.999854 
0.000000 0.000000 0.022382 0.999750 
0.000000 0.000000 0.027882 0.999611 
0.000000 0.000000 0.028959 0.999581 
0.000000 0.134677 0.273027 0.952533 
0.000000 0.131557 0.201951 0.970520 
0.000000 0.162135 0.232519 0.958983 
0.000000 0.222217 0.187650 0.956769 
0.000000 0.097200 0.286857 0.953030 
0.000000 0.133545 0.288745 0.948047 
0.000000 0.108619 0.355054 0.928514 
0.000000 0.065615 0.341198 0.937699 
0.000000 0.000000 0.001882 0.999998 
0.000000 0.000000 0.000000 1.000000 
0.000000 0.000000 0.000000 1.000000 
0.000000 0.000000 0.000000 1.000000 
0.000000 0.000000 0.000000 1.000000 
0.010436 0.000652 0.000000 0.999945 
0.000000 0.000000 0.000000 1.000000 
0.000000 0.000000 0.000000 1.000000 
0.000000 0.000000 0.053435 0.998571 
0.000000 0.000000 0.065978 0.997821 
0.000000 0.000000 0.062880 0.998021 
0.000000 0.000000 0.054132 0.998534 
0.000000 0.000000 0.089219 0.996012 
0.000000 0.000000 0.059827 0.998209 
0.000000 0.000000 0.128322 0.991733 
0.000000 0.000000 0.072883 0.997341 
Tiempo de proceso : 0.990000
