Tama¤o de Ventana 64,64
Planos: 4
Limites:
-1 64 128 192 255 
Piezas
0 1 1 1 0 
Ancho: 512 - Alto: 512
Patrones de ENTRENAMIENTO.
Num. Patrones: 10
Dimension: 4
0.000000 0.018613 0.305784 0.951919 
0.000000 0.000000 0.449568 0.893246 
0.000000 0.000000 0.527336 0.849657 
0.000000 0.000000 0.659203 0.751965 
0.000000 0.000000 0.406945 0.913452 
0.000000 0.000000 0.385327 0.922780 
0.000000 0.000000 0.601976 0.798514 
0.000000 0.000000 0.466482 0.884531 
0.000000 0.075790 0.072093 0.994514 
0.000000 0.088750 0.162860 0.982650 
0.000000 0.127159 0.254318 0.958725 
0.000000 0.075965 0.273276 0.958932 
0.000000 0.020657 0.515345 0.856734 
0.000000 0.009187 0.367500 0.929978 
0.000000 0.039545 0.269279 0.962250 
0.000000 0.015283 0.373487 0.927509 
0.002479 0.516777 0.182173 0.836510 
0.000000 0.596998 0.286086 0.749498 
0.000000 0.539852 0.385785 0.748151 
0.000000 0.385636 0.520474 0.761834 
0.000000 0.098785 0.802291 0.588703 
0.000000 0.081754 0.851602 0.517774 
0.000000 0.417046 0.605637 0.677700 
0.000000 0.608222 0.066180 0.791003 
0.000000 0.031246 0.251173 0.967438 
0.000000 0.000000 0.331509 0.943452 
0.000000 0.000000 0.387266 0.921968 
0.000000 0.000000 0.493501 0.869745 
0.000000 0.000000 0.573836 0.818970 
0.000000 0.000000 0.536875 0.843661 
0.000000 0.000000 0.564016 0.825764 
0.000000 0.000000 0.573166 0.819439 
0.000000 0.080759 0.554173 0.828475 
0.000000 0.076770 0.710119 0.699883 
0.000000 0.375845 0.414425 0.828850 
0.000000 0.413221 0.355055 0.838561 
0.000000 0.496463 0.229231 0.837244 
0.000000 0.516339 0.272808 0.811770 
0.000000 0.579764 0.143733 0.802007 
0.000000 0.632629 0.072901 0.771016 
0.000000 0.000000 0.589242 0.807957 
0.000000 0.000000 0.458305 0.888795 
0.000000 0.000000 0.284391 0.958708 
0.000000 0.000000 0.223570 0.974688 
0.000000 0.000000 0.304063 0.952652 
0.000000 0.000000 0.385459 0.922725 
0.000000 0.000000 0.516347 0.856380 
0.000000 0.000000 0.632628 0.774456 
0.000000 0.000000 0.120192 0.992751 
0.000000 0.000000 0.182287 0.983245 
0.000000 0.000000 0.200820 0.979628 
0.000000 0.000000 0.165283 0.986246 
0.000000 0.000000 0.179041 0.983841 
0.000000 0.000000 0.036652 0.999328 
0.000000 0.000000 0.105697 0.994398 
0.000000 0.000000 0.090137 0.995929 
0.000000 0.171539 0.104649 0.979604 
0.000000 0.121431 0.169565 0.978009 
0.000000 0.075636 0.338614 0.937880 
0.000000 0.031061 0.303819 0.952224 
0.000000 0.072452 0.148526 0.986251 
0.000000 0.057706 0.063116 0.996336 
0.000000 0.039809 0.079619 0.996030 
0.000000 0.015218 0.050727 0.998597 
Tiempo de proceso : 0.990000
