Tama¤o de Ventana 64,64
Planos: 4
Limites:
-1 64 128 192 255 
Piezas
0 1 1 1 0 
Ancho: 512 - Alto: 512
Patrones de ENTRENAMIENTO.
Num. Patrones: 10
Dimension: 4
0.000000 0.369300 0.254689 0.893729 
0.000000 0.276144 0.207719 0.938401 
0.000000 0.237405 0.313326 0.919492 
0.000000 0.128973 0.416358 0.900007 
0.000000 0.098026 0.405417 0.908861 
0.000000 0.100830 0.358370 0.928119 
0.000000 0.095839 0.363062 0.926823 
0.000000 0.192430 0.231903 0.953515 
0.000000 0.000000 0.000617 1.000000 
0.000000 0.000000 0.000000 1.000000 
0.000000 0.000000 0.000000 1.000000 
0.000000 0.000000 0.000000 1.000000 
0.000000 0.000000 0.000000 1.000000 
0.000000 0.000000 0.000000 1.000000 
0.000000 0.000000 0.000608 1.000000 
0.000000 0.000000 0.000000 1.000000 
0.000000 0.000000 0.004537 0.999990 
0.000000 0.000000 0.001256 0.999999 
0.000000 0.000000 0.001294 0.999999 
0.000000 0.000000 0.001269 0.999999 
0.000000 0.000000 0.000633 1.000000 
0.000000 0.000000 0.000000 1.000000 
0.000000 0.000000 0.005326 0.999986 
0.000000 0.000000 0.000000 1.000000 
0.000000 0.000000 0.010160 0.999948 
0.000000 0.000000 0.003182 0.999995 
0.000000 0.000000 0.000000 1.000000 
0.000000 0.000000 0.005426 0.999985 
0.000000 0.000000 0.000000 1.000000 
0.000000 0.000000 0.000831 1.000000 
0.000000 0.000000 0.026475 0.999650 
0.000000 0.000000 0.012583 0.999921 
0.000000 0.082576 0.226068 0.970605 
0.000000 0.046708 0.329484 0.943005 
0.000000 0.013125 0.237570 0.971282 
0.000000 0.011733 0.190333 0.981649 
0.000000 0.012608 0.310145 0.950606 
0.000000 0.006407 0.280634 0.959794 
0.000000 0.047062 0.258841 0.964773 
0.000000 0.047181 0.234662 0.970931 
0.000000 0.000000 0.133811 0.991007 
0.000000 0.000000 0.020135 0.999797 
0.000000 0.000000 0.025216 0.999682 
0.000000 0.000000 0.045073 0.998984 
0.000000 0.000000 0.022626 0.999744 
0.000000 0.000000 0.028181 0.999603 
0.000000 0.000000 0.056177 0.998421 
0.000000 0.000000 0.033423 0.999441 
0.000000 0.051285 0.223241 0.973413 
0.000000 0.032590 0.273182 0.961410 
0.000000 0.040212 0.262337 0.964138 
0.000000 0.047713 0.304055 0.951459 
0.000000 0.028530 0.272051 0.961860 
0.000000 0.062699 0.235628 0.969818 
0.000000 0.055948 0.221758 0.973495 
0.000000 0.082945 0.239504 0.967346 
0.000000 0.000000 0.085105 0.996372 
0.000000 0.002256 0.078191 0.996936 
0.000000 0.000775 0.105411 0.994428 
0.000000 0.000751 0.099132 0.995074 
0.000000 0.000000 0.102202 0.994764 
0.000000 0.000757 0.072645 0.997358 
0.000000 0.005514 0.063799 0.997948 
0.000000 0.000785 0.106727 0.994288 
Tiempo de proceso : 1.040000
