Tama¤o de Ventana 64,64
Planos: 4
Limites:
-1 64 128 192 255 
Piezas
0 1 1 1 0 
Ancho: 512 - Alto: 512
Patrones de ENTRENAMIENTO.
Num. Patrones: 10
Dimension: 4
0.000000 0.000000 0.409729 0.912207 
0.000000 0.051821 0.267232 0.962238 
0.000000 0.000000 0.104217 0.994555 
0.000000 0.000000 0.012474 0.999922 
0.000000 0.000000 0.111580 0.993756 
0.000000 0.000000 0.058677 0.998277 
0.000000 0.000000 0.015403 0.999881 
0.000000 0.000000 0.011567 0.999933 
0.000000 0.000000 0.103106 0.994670 
0.000000 0.000000 0.204964 0.978770 
0.000000 0.000000 0.073299 0.997310 
0.000000 0.000000 0.070979 0.997478 
0.000000 0.000000 0.046712 0.998908 
0.000000 0.000000 0.039201 0.999231 
0.000000 0.000000 0.062081 0.998071 
0.000000 0.000000 0.016425 0.999865 
0.000000 0.052717 0.142147 0.988441 
0.000000 0.000000 0.188530 0.982067 
0.000000 0.000000 0.036302 0.999341 
0.000000 0.000000 0.016424 0.999865 
0.000000 0.000000 0.032133 0.999484 
0.000000 0.000000 0.062931 0.998018 
0.000000 0.000000 0.084405 0.996432 
0.000000 0.000000 0.008150 0.999967 
0.000000 0.054889 0.219554 0.974055 
0.000000 0.036487 0.141895 0.989209 
0.000000 0.000000 0.132721 0.991153 
0.000000 0.000000 0.079020 0.996873 
0.000000 0.000000 0.041687 0.999131 
0.000000 0.000000 0.065063 0.997881 
0.000000 0.000000 0.088842 0.996046 
0.000000 0.000000 0.040498 0.999180 
0.000000 0.000880 0.255143 0.966903 
0.000000 0.000000 0.108542 0.994092 
0.000000 0.000000 0.151422 0.988469 
0.000000 0.001586 0.113390 0.993549 
0.000000 0.000000 0.084629 0.996413 
0.000000 0.000000 0.091917 0.995767 
0.000000 0.000000 0.056910 0.998379 
0.000000 0.000736 0.117695 0.993050 
0.000000 0.000000 0.116132 0.993234 
0.000000 0.000000 0.194395 0.980923 
0.000000 0.000000 0.120840 0.992672 
0.000000 0.000000 0.054310 0.998524 
0.000000 0.000000 0.011455 0.999934 
0.000000 0.000000 0.184018 0.982923 
0.000000 0.000000 0.026808 0.999641 
0.000000 0.000000 0.133367 0.991067 
0.000000 0.000000 0.015604 0.999878 
0.000000 0.000000 0.052083 0.998643 
0.000000 0.000000 0.027952 0.999609 
0.000000 0.002559 0.013434 0.999907 
0.000000 0.000000 0.058305 0.998299 
0.000000 0.000000 0.076752 0.997050 
0.000000 0.002677 0.185635 0.982615 
0.000000 0.000000 0.712525 0.701647 
0.000000 0.000000 0.083235 0.996530 
0.000000 0.000000 0.013924 0.999903 
0.000000 0.000000 0.031960 0.999489 
0.000000 0.000846 0.133716 0.991019 
0.000000 0.002197 0.464704 0.885464 
0.000000 0.000000 0.034762 0.999396 
0.000000 0.000000 0.055430 0.998463 
0.000000 0.000000 0.109713 0.993963 
Tiempo de proceso : 0.990000
