Tama¤o de Ventana 64,64
Planos: 4
Limites:
-1 64 128 192 255 
Piezas
0 1 1 1 0 
Ancho: 512 - Alto: 512
Patrones de ENTRENAMIENTO.
Num. Patrones: 10
Dimension: 4
0.000000 0.000000 0.005678 0.999984 
0.000000 0.000000 0.017103 0.999854 
0.000000 0.000000 0.074246 0.997240 
0.000000 0.000000 0.008877 0.999961 
0.000000 0.000000 0.029788 0.999556 
0.000000 0.000000 0.035988 0.999352 
0.000000 0.000000 0.005671 0.999984 
0.000000 0.000000 0.034584 0.999402 
0.000000 0.000000 0.050344 0.998732 
0.000000 0.000000 0.212599 0.977139 
0.000000 0.000000 0.040875 0.999164 
0.003065 0.001533 0.067434 0.997718 
0.000000 0.000000 0.028158 0.999604 
0.000000 0.000000 0.027055 0.999634 
0.000786 0.003932 0.076275 0.997079 
0.000000 0.000000 0.055083 0.998482 
0.000000 0.000000 0.115079 0.993356 
0.000000 0.000000 0.206277 0.978494 
0.000000 0.000000 0.011672 0.999932 
0.000000 0.000000 0.010430 0.999946 
0.000000 0.011858 0.145679 0.989261 
0.000000 0.000000 0.111123 0.993807 
0.000000 0.000000 0.053609 0.998562 
0.000000 0.003136 0.083889 0.996470 
0.000000 0.000000 0.108787 0.994065 
0.000000 0.000000 0.015140 0.999885 
0.000000 0.000000 0.039663 0.999213 
0.000000 0.062028 0.727185 0.683633 
0.000000 0.008117 0.042059 0.999082 
0.000000 0.000000 0.300412 0.953809 
0.000000 0.000000 0.015512 0.999880 
0.000000 0.000000 0.110000 0.993932 
0.000000 0.000000 0.172897 0.984940 
0.000000 0.000000 0.106586 0.994304 
0.000000 0.000000 0.027350 0.999626 
0.000000 0.000000 0.165135 0.986271 
0.001443 0.000721 0.054831 0.998494 
0.000000 0.000000 0.041807 0.999126 
0.000000 0.000000 0.127271 0.991868 
0.000000 0.000000 0.048843 0.998806 
0.000000 0.001345 0.821562 0.570118 
0.000000 0.000000 0.412701 0.910866 
0.000000 0.000000 0.061313 0.998119 
0.000000 0.000000 0.046616 0.998913 
0.000000 0.000000 0.017793 0.999842 
0.000000 0.000754 0.065569 0.997848 
0.000000 0.000000 0.083786 0.996484 
0.000000 0.000843 0.220054 0.975487 
0.000000 0.000000 0.074846 0.997195 
0.000000 0.000000 0.156333 0.987704 
0.000000 0.000923 0.203917 0.978988 
0.000000 0.000000 0.110266 0.993902 
0.000000 0.004113 0.165331 0.986230 
0.000000 0.000000 0.199222 0.979954 
0.000000 0.000000 0.129239 0.991614 
0.000000 0.002820 0.201175 0.979551 
0.000000 0.000000 0.130144 0.991495 
0.000000 0.000000 0.079194 0.996859 
0.000000 0.000000 0.039997 0.999200 
0.000000 0.000000 0.025465 0.999676 
0.000000 0.000000 0.160936 0.986965 
0.000000 0.000000 0.044624 0.999004 
0.000000 0.000902 0.213777 0.976882 
0.000000 0.022855 0.192514 0.981028 
Tiempo de proceso : 1.050000
