Tama¤o de Ventana 64,64
Planos: 4
Limites:
-1 64 128 192 255 
Piezas
0 1 1 1 0 
Ancho: 512 - Alto: 512
Patrones de ENTRENAMIENTO.
Num. Patrones: 10
Dimension: 4
0.000000 0.000000 0.123940 0.992290 
0.000000 0.000775 0.140228 0.990119 
0.000000 0.003198 0.110343 0.993888 
0.000000 0.000000 0.083306 0.996524 
0.000000 0.000000 0.072805 0.997346 
0.000000 0.000000 0.022398 0.999749 
0.000000 0.000000 0.133321 0.991073 
0.000000 0.000000 0.139715 0.990192 
0.000000 0.000000 0.252736 0.967535 
0.000000 0.000000 0.213846 0.976867 
0.000000 0.000000 0.163412 0.986558 
0.000000 0.000000 0.228763 0.973482 
0.000000 0.000777 0.074558 0.997216 
0.000000 0.000000 0.150274 0.988644 
0.000000 0.000000 0.039213 0.999231 
0.000000 0.000000 0.009689 0.999953 
0.000000 0.000000 0.011560 0.999933 
0.000000 0.000000 0.013341 0.999911 
0.000000 0.000000 0.142925 0.989734 
0.000000 0.000000 0.008980 0.999960 
0.000000 0.000000 0.018490 0.999829 
0.000000 0.000000 0.221290 0.975208 
0.000000 0.002264 0.076235 0.997087 
0.000000 0.000000 0.341577 0.939854 
0.000000 0.000000 0.114595 0.993412 
0.000000 0.000000 0.033631 0.999434 
0.000000 0.000000 0.012319 0.999924 
0.000000 0.001492 0.080575 0.996747 
0.000000 0.000835 0.151932 0.988391 
0.000000 0.000000 0.091266 0.995827 
0.000000 0.000000 0.020324 0.999793 
0.000000 0.000000 0.479034 0.877797 
0.000000 0.000000 0.083296 0.996525 
0.000000 0.000000 0.057967 0.998319 
0.000000 0.000000 0.204105 0.978949 
0.000000 0.000000 0.046938 0.998898 
0.000000 0.048651 0.369975 0.927767 
0.000000 0.000000 0.135807 0.990735 
0.000000 0.000000 0.056205 0.998419 
0.000000 0.000000 0.086630 0.996241 
0.000000 0.004495 0.050946 0.998691 
0.000000 0.000000 0.038099 0.999274 
0.000000 0.000000 0.170798 0.985306 
0.000000 0.001667 0.133365 0.991066 
0.000000 0.000000 0.147293 0.989093 
0.000000 0.000000 0.076969 0.997034 
0.000000 0.000000 0.076418 0.997076 
0.000000 0.000000 0.088523 0.996074 
0.000000 0.000000 0.011110 0.999938 
0.000000 0.000000 0.029965 0.999551 
0.000000 0.000000 0.004938 0.999988 
0.000000 0.000000 0.029627 0.999561 
0.005006 0.000000 0.077589 0.996973 
0.000000 0.000000 0.058269 0.998301 
0.000000 0.000000 0.346519 0.938043 
0.000000 0.000000 0.117510 0.993072 
0.000000 0.000000 0.055919 0.998435 
0.000000 0.000000 0.021587 0.999767 
0.000000 0.000000 0.039492 0.999220 
0.000000 0.000000 0.059595 0.998223 
0.000000 0.001378 0.030310 0.999540 
0.000000 0.000856 0.125825 0.992052 
0.000000 0.000000 0.176909 0.984227 
0.000000 0.000000 0.073331 0.997308 
Tiempo de proceso : 0.990000
