Tama¤o de Ventana 64,64
Planos: 5
Limites:
-1 32 64 96 128 255 
Piezas
0 1 0 0 0 
Ancho: 512 - Alto: 512
Patrones de ENTRENAMIENTO.
Num. Patrones: 64
Dimension: 5
0.000000 0.000000 0.000000 0.065433 0.997857 
0.000000 0.000000 0.000000 0.079604 0.996827 
0.000000 0.000000 0.002451 0.122526 0.992462 
0.000000 0.000000 0.011659 0.167118 0.985868 
0.000000 0.000000 0.012501 0.270845 0.962542 
0.000000 0.000000 0.019687 0.223583 0.974486 
0.000000 0.000000 0.032971 0.275759 0.960661 
0.000000 0.000000 0.009014 0.386093 0.922416 
0.000000 0.000000 0.000000 0.000000 1.000000 
0.000000 0.000000 0.000000 0.000000 1.000000 
0.000000 0.000000 0.000000 0.000000 1.000000 
0.000000 0.000000 0.000000 0.000000 1.000000 
0.000000 0.000000 0.000000 0.000000 1.000000 
0.000000 0.000000 0.000000 0.000000 1.000000 
0.000000 0.000000 0.000000 0.000000 1.000000 
0.000000 0.000000 0.000000 0.000000 1.000000 
0.000000 0.000000 0.000000 0.000000 1.000000 
0.000000 0.000000 0.000000 0.000000 1.000000 
0.000000 0.000000 0.000000 0.000000 1.000000 
0.000000 0.000000 0.000000 0.000000 1.000000 
0.000000 0.000000 0.000000 0.000000 1.000000 
0.000000 0.000000 0.000000 0.000000 1.000000 
0.000000 0.000000 0.000000 0.000000 1.000000 
0.000000 0.000000 0.000000 0.000000 1.000000 
0.000000 0.000000 0.000000 0.142850 0.989744 
0.000000 0.000000 0.000000 0.053658 0.998559 
0.000000 0.000000 0.000000 0.073921 0.997264 
0.000000 0.000000 0.000000 0.032318 0.999478 
0.000000 0.000000 0.000000 0.024815 0.999692 
0.000000 0.000000 0.000000 0.072976 0.997334 
0.000000 0.000000 0.000000 0.028560 0.999592 
0.000000 0.000000 0.000000 0.037877 0.999282 
0.000000 0.000000 0.000000 0.031134 0.999515 
0.000000 0.000000 0.000000 0.015199 0.999884 
0.000000 0.000000 0.000000 0.026367 0.999652 
0.000000 0.000000 0.000000 0.090855 0.995864 
0.000000 0.000000 0.000000 0.099381 0.995049 
0.000000 0.000000 0.000000 0.048936 0.998802 
0.000000 0.000000 0.000000 0.077651 0.996981 
0.000000 0.000000 0.000000 0.094539 0.995521 
0.000000 0.000000 0.000000 0.000000 1.000000 
0.000000 0.000000 0.000000 0.000000 1.000000 
0.000000 0.000000 0.000000 0.000000 1.000000 
0.000000 0.000000 0.000000 0.000000 1.000000 
0.000000 0.000000 0.000000 0.000000 1.000000 
0.000000 0.000000 0.000000 0.000000 1.000000 
0.000000 0.000000 0.000000 0.000000 1.000000 
0.000000 0.000000 0.000000 0.000000 1.000000 
0.000000 0.000000 0.000000 0.136815 0.990597 
0.000000 0.000000 0.000000 0.059361 0.998237 
0.000000 0.000000 0.000000 0.219684 0.975571 
0.000000 0.000000 0.000000 0.232909 0.972498 
0.000000 0.000000 0.000000 0.066770 0.997768 
0.000000 0.000000 0.000000 0.121023 0.992650 
0.000000 0.000000 0.000000 0.147311 0.989090 
0.000000 0.000000 0.000000 0.122116 0.992516 
0.000000 0.000000 0.000000 0.000000 1.000000 
0.000000 0.000000 0.000000 0.000000 1.000000 
0.000000 0.000000 0.000000 0.000000 1.000000 
0.000000 0.000000 0.000000 0.000000 1.000000 
0.000000 0.000000 0.000000 0.000000 1.000000 
0.000000 0.000000 0.000000 0.000000 1.000000 
0.007028 0.000000 0.000000 0.000000 0.999975 
0.000000 0.000000 0.000000 0.000000 1.000000 
Tiempo de proceso : 0.820000
