Tama¤o de Ventana 64,64
Planos: 5
Limites:
-1 32 64 96 128 255 
Piezas
0 1 0 0 0 
Ancho: 512 - Alto: 512
Patrones de ENTRENAMIENTO.
Num. Patrones: 64
Dimension: 5
0.000000 0.000000 0.007585 0.150438 0.988590 
0.000000 0.000000 0.005209 0.214859 0.976631 
0.000000 0.000000 0.014088 0.256409 0.966466 
0.000000 0.000000 0.029645 0.211750 0.976874 
0.000000 0.000000 0.017906 0.344682 0.938549 
0.000000 0.000000 0.008687 0.346028 0.938184 
0.000000 0.000000 0.000000 0.371147 0.928574 
0.000000 0.000000 0.001395 0.351582 0.936156 
0.000000 0.000000 0.000000 0.000000 1.000000 
0.000000 0.000000 0.000000 0.000000 1.000000 
0.000000 0.000000 0.000000 0.000000 1.000000 
0.000000 0.000000 0.000000 0.000000 1.000000 
0.000000 0.000000 0.000000 0.000000 1.000000 
0.000000 0.000000 0.000000 0.020342 0.999793 
0.000000 0.000000 0.000000 0.040179 0.999192 
0.000000 0.000000 0.000000 0.045990 0.998942 
0.000000 0.000000 0.000000 0.000000 1.000000 
0.000000 0.000000 0.000000 0.000000 1.000000 
0.000000 0.000000 0.000000 0.000000 1.000000 
0.000000 0.000000 0.000000 0.000000 1.000000 
0.000000 0.000000 0.000000 0.000000 1.000000 
0.000000 0.000000 0.000000 0.000000 1.000000 
0.000000 0.000000 0.000000 0.000000 1.000000 
0.000000 0.000000 0.000000 0.000000 1.000000 
0.000000 0.000000 0.000000 0.000000 1.000000 
0.000000 0.000000 0.000000 0.000000 1.000000 
0.000000 0.000000 0.000000 0.000000 1.000000 
0.000000 0.000000 0.000000 0.000000 1.000000 
0.000000 0.000000 0.000000 0.000000 1.000000 
0.000000 0.000000 0.000000 0.000000 1.000000 
0.000000 0.000000 0.000000 0.000000 1.000000 
0.000000 0.000000 0.000000 0.000000 1.000000 
0.000000 0.000000 0.000000 0.093685 0.995602 
0.000000 0.000000 0.000000 0.146602 0.989196 
0.000000 0.000000 0.000000 0.178885 0.983870 
0.000000 0.000000 0.000000 0.140709 0.990051 
0.000000 0.000000 0.000000 0.112328 0.993671 
0.000000 0.000000 0.000000 0.185983 0.982553 
0.000000 0.000000 0.000000 0.065508 0.997852 
0.000000 0.000000 0.000000 0.027729 0.999615 
0.000000 0.000000 0.000000 0.000000 1.000000 
0.000000 0.000000 0.000000 0.000000 1.000000 
0.000000 0.000000 0.000000 0.000000 1.000000 
0.000000 0.000000 0.000000 0.000000 1.000000 
0.000000 0.000000 0.000000 0.000000 1.000000 
0.000000 0.000000 0.000000 0.000000 1.000000 
0.000000 0.000000 0.000000 0.000000 1.000000 
0.000000 0.000000 0.000000 0.000000 1.000000 
0.000000 0.000000 0.001452 0.271460 0.962449 
0.000000 0.000000 0.000000 0.167242 0.985916 
0.000000 0.000000 0.000000 0.052177 0.998638 
0.000000 0.000000 0.000000 0.155481 0.987839 
0.000000 0.000000 0.000000 0.143060 0.989714 
0.000000 0.000000 0.000000 0.072028 0.997403 
0.000000 0.000000 0.000000 0.046247 0.998930 
0.000000 0.000000 0.000000 0.047458 0.998873 
0.000000 0.000000 0.000000 0.000000 1.000000 
0.000000 0.000000 0.000000 0.000000 1.000000 
0.000000 0.000000 0.000000 0.000000 1.000000 
0.000000 0.000000 0.000000 0.000000 1.000000 
0.000000 0.000000 0.000000 0.000000 1.000000 
0.000000 0.000000 0.000000 0.000000 1.000000 
0.000000 0.000000 0.000000 0.009155 0.999958 
0.000000 0.000000 0.000000 0.009307 0.999957 
Tiempo de proceso : 0.820000
