Tama¤o de Ventana 64,64
Planos: 5
Limites:
-1 32 64 96 128 255 
Piezas
0 1 0 0 0 
Ancho: 512 - Alto: 512
Patrones de ENTRENAMIENTO.
Num. Patrones: 64
Dimension: 5
0.000000 0.000000 0.000000 0.000000 1.000000 
0.000000 0.000000 0.000000 0.004960 0.999988 
0.000000 0.000000 0.000000 0.007121 0.999975 
0.000000 0.000000 0.000000 0.032276 0.999479 
0.000000 0.000000 0.000000 0.054911 0.998491 
0.000000 0.000000 0.000000 0.065250 0.997869 
0.000000 0.000000 0.000000 0.068024 0.997684 
0.000000 0.000000 0.000000 0.064958 0.997888 
0.000000 0.000000 0.000000 0.000000 1.000000 
0.000000 0.000000 0.000000 0.000000 1.000000 
0.000000 0.000000 0.000000 0.000000 1.000000 
0.000000 0.000000 0.000000 0.000000 1.000000 
0.000000 0.000000 0.000000 0.000000 1.000000 
0.000000 0.000000 0.000000 0.000000 1.000000 
0.000000 0.000000 0.000000 0.000000 1.000000 
0.000000 0.000000 0.000000 0.000000 1.000000 
0.000000 0.000000 0.000000 0.000000 1.000000 
0.000000 0.000000 0.000000 0.000000 1.000000 
0.000000 0.000000 0.000000 0.000000 1.000000 
0.000000 0.000000 0.000000 0.000000 1.000000 
0.000000 0.000000 0.000000 0.000000 1.000000 
0.000000 0.000000 0.000000 0.000000 1.000000 
0.000000 0.000000 0.000000 0.000000 1.000000 
0.000000 0.000000 0.000000 0.000000 1.000000 
0.000000 0.000000 0.000000 0.087986 0.996122 
0.000000 0.000000 0.000000 0.078867 0.996885 
0.000000 0.000000 0.000000 0.009971 0.999950 
0.000000 0.000000 0.000000 0.037794 0.999286 
0.000000 0.000000 0.000000 0.035858 0.999357 
0.000000 0.000000 0.000000 0.027896 0.999611 
0.000000 0.000000 0.000000 0.046203 0.998932 
0.000000 0.000000 0.000000 0.014105 0.999901 
0.000000 0.000000 0.000000 0.000000 1.000000 
0.000000 0.000000 0.000000 0.000000 1.000000 
0.000000 0.000000 0.000000 0.000000 1.000000 
0.000000 0.000000 0.000000 0.000000 1.000000 
0.000000 0.000000 0.000000 0.000000 1.000000 
0.000000 0.000000 0.000000 0.000000 1.000000 
0.000000 0.000000 0.000000 0.000000 1.000000 
0.000000 0.000000 0.000000 0.000000 1.000000 
0.000000 0.000000 0.000000 0.134741 0.990881 
0.000000 0.000000 0.000000 0.118578 0.992945 
0.000000 0.000000 0.000000 0.101467 0.994839 
0.000000 0.000000 0.000000 0.051616 0.998667 
0.000000 0.000000 0.000000 0.108158 0.994134 
0.000000 0.000000 0.000000 0.076097 0.997100 
0.000000 0.000000 0.000000 0.047200 0.998885 
0.000000 0.000000 0.000000 0.053534 0.998566 
0.000000 0.000000 0.000000 0.062520 0.998044 
0.000000 0.000000 0.000000 0.055841 0.998440 
0.000000 0.000000 0.000000 0.052013 0.998646 
0.000000 0.000000 0.000000 0.044401 0.999014 
0.000000 0.000000 0.000000 0.089695 0.995969 
0.000000 0.000000 0.000000 0.017313 0.999850 
0.000000 0.000000 0.000000 0.023045 0.999734 
0.000000 0.000000 0.000000 0.010940 0.999940 
0.000000 0.000000 0.000000 0.000000 1.000000 
0.000000 0.000000 0.000000 0.000000 1.000000 
0.000000 0.000000 0.000000 0.000000 1.000000 
0.007014 0.000000 0.000000 0.000000 0.999975 
0.000000 0.000000 0.000000 0.000000 1.000000 
0.000000 0.000000 0.000000 0.000000 1.000000 
0.000000 0.000000 0.000000 0.000000 1.000000 
0.000000 0.000000 0.000000 0.000000 1.000000 
Tiempo de proceso : 0.820000
