Tama¤o de Ventana 64,64
Planos: 5
Limites:
-1 32 64 96 128 255 
Piezas
0 1 0 0 0 
Ancho: 512 - Alto: 512
Patrones de ENTRENAMIENTO.
Num. Patrones: 64
Dimension: 5
0.000000 0.000000 0.000000 0.069598 0.997575 
0.000000 0.000000 0.000000 0.070122 0.997538 
0.000000 0.000000 0.015362 0.160019 0.986994 
0.000000 0.000000 0.006682 0.231194 0.972885 
0.000000 0.000000 0.007202 0.256401 0.966544 
0.000000 0.000000 0.031967 0.232484 0.972075 
0.000000 0.000000 0.010386 0.359059 0.933257 
0.000000 0.000000 0.003173 0.420363 0.907350 
0.000000 0.000000 0.000000 0.000000 1.000000 
0.000000 0.000000 0.000000 0.000000 1.000000 
0.000000 0.000000 0.000000 0.000000 1.000000 
0.000000 0.000000 0.000000 0.000000 1.000000 
0.000000 0.000000 0.000000 0.000000 1.000000 
0.000000 0.000000 0.000000 0.000000 1.000000 
0.000000 0.000000 0.000000 0.000000 1.000000 
0.000000 0.000000 0.000000 0.000000 1.000000 
0.000000 0.000000 0.000000 0.000000 1.000000 
0.000000 0.000000 0.000000 0.000000 1.000000 
0.000000 0.000000 0.000000 0.000000 1.000000 
0.000000 0.000000 0.000000 0.000000 1.000000 
0.000000 0.000000 0.000000 0.000000 1.000000 
0.000000 0.000000 0.000000 0.000000 1.000000 
0.000000 0.000000 0.000000 0.000000 1.000000 
0.000000 0.000000 0.000000 0.000000 1.000000 
0.000000 0.000000 0.003229 0.153391 0.988160 
0.000000 0.000000 0.001602 0.139402 0.990235 
0.000000 0.000000 0.000000 0.086564 0.996246 
0.000000 0.000000 0.000000 0.143813 0.989605 
0.000000 0.000000 0.000000 0.131078 0.991372 
0.000000 0.000000 0.000000 0.114353 0.993440 
0.000000 0.000000 0.000000 0.065256 0.997869 
0.000000 0.000000 0.000000 0.058872 0.998266 
0.000000 0.000000 0.000000 0.000000 1.000000 
0.000000 0.000000 0.000000 0.000000 1.000000 
0.000000 0.000000 0.000000 0.000000 1.000000 
0.000000 0.000000 0.000000 0.013429 0.999910 
0.000000 0.000000 0.000000 0.003138 0.999995 
0.000000 0.000000 0.000000 0.023327 0.999728 
0.000000 0.000000 0.000000 0.049236 0.998787 
0.000000 0.000000 0.000000 0.073153 0.997321 
0.000000 0.000000 0.000000 0.028173 0.999603 
0.000000 0.000000 0.000000 0.014226 0.999899 
0.000000 0.000000 0.000000 0.019564 0.999809 
0.000000 0.000000 0.000000 0.009960 0.999950 
0.000000 0.000000 0.000000 0.000000 1.000000 
0.000000 0.000000 0.000000 0.000000 1.000000 
0.000000 0.000000 0.000000 0.000000 1.000000 
0.000000 0.000000 0.000000 0.000000 1.000000 
0.000000 0.000000 0.000000 0.037687 0.999290 
0.000000 0.000000 0.000000 0.118094 0.993002 
0.000000 0.000000 0.000000 0.218357 0.975869 
0.000000 0.000000 0.000000 0.106802 0.994280 
0.000000 0.000000 0.000000 0.094988 0.995478 
0.000000 0.000000 0.000000 0.166577 0.986028 
0.000000 0.000000 0.000000 0.107923 0.994159 
0.000000 0.000000 0.000000 0.060715 0.998155 
0.000000 0.000000 0.000000 0.000000 1.000000 
0.000000 0.000000 0.000000 0.000000 1.000000 
0.000000 0.000000 0.000000 0.000000 1.000000 
0.000000 0.000000 0.000000 0.000000 1.000000 
0.000000 0.000000 0.000000 0.000000 1.000000 
0.006054 0.001009 0.000000 0.000000 0.999981 
0.000000 0.000000 0.000000 0.000000 1.000000 
0.000000 0.000000 0.000000 0.000000 1.000000 
Tiempo de proceso : 0.830000
