Tama¤o de Ventana 64,64
Planos: 5
Limites:
-1 32 64 96 128 255 
Piezas
0 1 0 0 0 
Ancho: 512 - Alto: 512
Patrones de ENTRENAMIENTO.
Num. Patrones: 64
Dimension: 5
0.000000 0.000000 0.000000 0.283288 0.959035 
0.000000 0.000000 0.000000 0.251259 0.967920 
0.000000 0.000000 0.000000 0.180217 0.983627 
0.000000 0.000000 0.000000 0.116391 0.993204 
0.000000 0.000000 0.000000 0.095689 0.995411 
0.000000 0.000000 0.000000 0.100877 0.994899 
0.000000 0.000000 0.000000 0.096731 0.995311 
0.000000 0.000000 0.000000 0.190417 0.981703 
0.000000 0.000000 0.000000 0.000000 1.000000 
0.000000 0.000000 0.000000 0.000000 1.000000 
0.000000 0.000000 0.000000 0.000000 1.000000 
0.000000 0.000000 0.000000 0.000000 1.000000 
0.000000 0.000000 0.000000 0.000000 1.000000 
0.000000 0.000000 0.000000 0.000000 1.000000 
0.000000 0.000000 0.000000 0.000000 1.000000 
0.000000 0.000000 0.000000 0.000000 1.000000 
0.000000 0.000000 0.000000 0.000000 1.000000 
0.000000 0.000000 0.000000 0.000000 1.000000 
0.000000 0.000000 0.000000 0.000000 1.000000 
0.000000 0.000000 0.000000 0.000000 1.000000 
0.000000 0.000000 0.000000 0.000000 1.000000 
0.000000 0.000000 0.000000 0.000000 1.000000 
0.000000 0.000000 0.000000 0.000000 1.000000 
0.000000 0.000000 0.000000 0.000000 1.000000 
0.000000 0.000000 0.000000 0.000000 1.000000 
0.000000 0.000000 0.000000 0.000000 1.000000 
0.000000 0.000000 0.000000 0.000000 1.000000 
0.000000 0.000000 0.000000 0.000000 1.000000 
0.000000 0.000000 0.000000 0.000000 1.000000 
0.000000 0.000000 0.000000 0.000000 1.000000 
0.000000 0.000000 0.000000 0.000000 1.000000 
0.000000 0.000000 0.000000 0.000000 1.000000 
0.000000 0.000000 0.003160 0.052144 0.998635 
0.000000 0.000000 0.001415 0.036802 0.999322 
0.000000 0.000000 0.000000 0.014172 0.999900 
0.000000 0.000000 0.000000 0.014491 0.999895 
0.000000 0.000000 0.000000 0.014554 0.999894 
0.000000 0.000000 0.000000 0.007267 0.999974 
0.000000 0.000000 0.000000 0.043115 0.999070 
0.000000 0.000000 0.000000 0.043179 0.999067 
0.000000 0.000000 0.000000 0.000000 1.000000 
0.000000 0.000000 0.000000 0.000000 1.000000 
0.000000 0.000000 0.000000 0.000000 1.000000 
0.000000 0.000000 0.000000 0.000000 1.000000 
0.000000 0.000000 0.000000 0.000000 1.000000 
0.000000 0.000000 0.000000 0.000000 1.000000 
0.000000 0.000000 0.000000 0.000000 1.000000 
0.000000 0.000000 0.000000 0.000000 1.000000 
0.000000 0.000000 0.000000 0.064180 0.997938 
0.000000 0.000000 0.000000 0.038255 0.999268 
0.000000 0.000000 0.000000 0.045942 0.998944 
0.000000 0.000000 0.000000 0.053152 0.998586 
0.000000 0.000000 0.000000 0.033079 0.999453 
0.000000 0.000000 0.000000 0.074366 0.997231 
0.000000 0.000000 0.000000 0.067414 0.997725 
0.000000 0.000000 0.000000 0.094984 0.995479 
0.000000 0.000000 0.000000 0.000000 1.000000 
0.000000 0.000000 0.000000 0.003043 0.999995 
0.000000 0.000000 0.000000 0.000995 1.000000 
0.000000 0.000000 0.000000 0.000990 1.000000 
0.000000 0.000000 0.000000 0.000000 1.000000 
0.000000 0.000000 0.000000 0.000994 1.000000 
0.000000 0.000000 0.000000 0.007014 0.999975 
0.000000 0.000000 0.000000 0.000987 1.000000 
Tiempo de proceso : 0.820000
