Tama¤o de Ventana 64,64
Planos: 5
Limites:
-1 32 64 96 128 255 
Piezas
0 1 0 0 0 
Ancho: 512 - Alto: 512
Patrones de ENTRENAMIENTO.
Num. Patrones: 64
Dimension: 5
0.000000 0.000000 0.000000 0.000000 1.000000 
0.000000 0.000000 0.000000 0.000000 1.000000 
0.000000 0.000000 0.000000 0.000000 1.000000 
0.000000 0.000000 0.000000 0.000000 1.000000 
0.000000 0.000000 0.000000 0.000000 1.000000 
0.000000 0.000000 0.000000 0.000000 1.000000 
0.000000 0.000000 0.000000 0.000000 1.000000 
0.000000 0.000000 0.000000 0.000000 1.000000 
0.000000 0.000000 0.000000 0.000000 1.000000 
0.000000 0.000000 0.000000 0.000000 1.000000 
0.000000 0.000000 0.000000 0.000000 1.000000 
0.000000 0.000000 0.000000 0.000000 1.000000 
0.000000 0.000000 0.000000 0.000000 1.000000 
0.000000 0.000000 0.000000 0.000000 1.000000 
0.000000 0.000000 0.000000 0.000000 1.000000 
0.000000 0.000000 0.000000 0.000000 1.000000 
0.000000 0.001210 0.002420 0.030252 0.999539 
0.000000 0.000000 0.001249 0.041215 0.999150 
0.000000 0.000000 0.000000 0.028869 0.999583 
0.000000 0.000000 0.000000 0.012672 0.999920 
0.000000 0.000000 0.000000 0.001138 0.999999 
0.000000 0.000000 0.000000 0.011547 0.999933 
0.000000 0.000000 0.000000 0.005593 0.999984 
0.000000 0.000000 0.000000 0.015943 0.999873 
0.000000 0.000000 0.001216 0.032829 0.999460 
0.000000 0.000000 0.000000 0.028919 0.999582 
0.000000 0.000000 0.000000 0.034633 0.999400 
0.000000 0.000000 0.000000 0.004872 0.999988 
0.000000 0.000000 0.000000 0.007389 0.999973 
0.000000 0.000000 0.000000 0.002551 0.999997 
0.000000 0.000000 0.000000 0.006377 0.999980 
0.000000 0.000000 0.000000 0.029282 0.999571 
0.000000 0.000000 0.000000 0.000000 1.000000 
0.000000 0.000000 0.000000 0.000000 1.000000 
0.000000 0.000000 0.000000 0.000000 1.000000 
0.000000 0.000000 0.000000 0.000000 1.000000 
0.000000 0.000000 0.000000 0.000000 1.000000 
0.000000 0.000000 0.000000 0.000000 1.000000 
0.000000 0.000000 0.000000 0.000000 1.000000 
0.000000 0.000000 0.000000 0.000000 1.000000 
0.000000 0.000000 0.000000 0.124535 0.992215 
0.000000 0.000000 0.000000 0.154858 0.987937 
0.000000 0.000000 0.000000 0.162073 0.986779 
0.000000 0.000000 0.000000 0.197769 0.980249 
0.000000 0.000000 0.000000 0.105388 0.994431 
0.000000 0.000000 0.000000 0.140320 0.990106 
0.000000 0.000000 0.000000 0.105158 0.994456 
0.000000 0.000000 0.000000 0.068931 0.997621 
0.000000 0.000000 0.000000 0.000000 1.000000 
0.000000 0.000000 0.000000 0.000000 1.000000 
0.000000 0.000000 0.000000 0.000000 1.000000 
0.000000 0.000000 0.000000 0.000000 1.000000 
0.000000 0.000000 0.000000 0.000000 1.000000 
0.006030 0.000000 0.000000 0.000000 0.999982 
0.000000 0.000000 0.000000 0.000000 1.000000 
0.000000 0.000000 0.000000 0.000000 1.000000 
0.000000 0.000000 0.000000 0.000000 1.000000 
0.000000 0.000000 0.000000 0.000000 1.000000 
0.000000 0.000000 0.000000 0.000000 1.000000 
0.000000 0.000000 0.000000 0.000000 1.000000 
0.000000 0.000000 0.000000 0.000000 1.000000 
0.000000 0.000000 0.000000 0.000000 1.000000 
0.000000 0.000000 0.000000 0.000000 1.000000 
0.000000 0.000000 0.000000 0.000000 1.000000 
Tiempo de proceso : 0.820000
