Tama¤o de Ventana 64,64
Planos: 4
Limites:
-1 64 128 192 255 
Piezas
0 1 1 1 0 
Ancho: 512 - Alto: 512
Patrones de ENTRENAMIENTO.
Num. Patrones: 10
Dimension: 4
0.000000 0.000000 0.637948 0.770079 
0.000000 0.000000 0.618656 0.785662 
0.000000 0.000000 0.659639 0.751582 
0.000000 0.000000 0.284925 0.958550 
0.000000 0.000000 0.262786 0.964854 
0.000000 0.000000 0.441119 0.897449 
0.000000 0.000000 0.593852 0.804574 
0.000000 0.000000 0.701859 0.712315 
0.000000 0.602235 0.049669 0.796772 
0.000000 0.544687 0.115091 0.830705 
0.000000 0.223115 0.448952 0.865252 
0.000000 0.041634 0.693893 0.718873 
0.000000 0.185217 0.484516 0.854950 
0.000000 0.571459 0.110282 0.813187 
0.000000 0.531366 0.407334 0.742785 
0.000000 0.048400 0.727387 0.684518 
0.000000 0.000000 0.620362 0.784315 
0.000000 0.000000 0.742653 0.669676 
0.000000 0.000000 0.771989 0.635635 
0.000000 0.000000 0.750586 0.660773 
0.000000 0.000000 0.810852 0.585252 
0.000000 0.000000 0.720031 0.693942 
0.000000 0.000000 0.344604 0.938748 
0.000000 0.000000 0.395195 0.918597 
0.000000 0.226403 0.530709 0.816756 
0.000000 0.356344 0.300491 0.884717 
0.000000 0.380873 0.072547 0.921777 
0.000000 0.420994 0.103056 0.901190 
0.000000 0.412048 0.051755 0.909691 
0.000000 0.337560 0.019441 0.941103 
0.000000 0.320205 0.020687 0.947122 
0.000000 0.291191 0.016083 0.956530 
0.000000 0.000000 0.296122 0.955150 
0.000000 0.000000 0.221546 0.975150 
0.000000 0.000000 0.338212 0.941070 
0.000000 0.000000 0.300825 0.953679 
0.000000 0.028316 0.192551 0.980878 
0.000000 0.087038 0.073850 0.993464 
0.000000 0.132556 0.071879 0.988566 
0.000000 0.167240 0.043427 0.984959 
0.000000 0.000000 0.142730 0.989762 
0.000000 0.000000 0.115853 0.993266 
0.000000 0.000000 0.162906 0.986641 
0.000000 0.000000 0.113460 0.993543 
0.000000 0.000000 0.259276 0.965803 
0.000000 0.000000 0.481630 0.876374 
0.000000 0.000000 0.514220 0.857658 
0.000000 0.000000 0.368800 0.929509 
0.000000 0.000000 0.159664 0.987171 
0.000000 0.000000 0.139444 0.990230 
0.000000 0.000000 0.111585 0.993755 
0.000000 0.000000 0.030884 0.999523 
0.000000 0.000000 0.053482 0.998569 
0.000000 0.000000 0.112047 0.993703 
0.000000 0.000000 0.020076 0.999798 
0.000000 0.000000 0.004528 0.999990 
0.000000 0.275280 0.217326 0.936478 
0.000000 0.260719 0.322210 0.910058 
0.000000 0.292499 0.202686 0.934539 
0.000000 0.307027 0.207276 0.928855 
0.000000 0.251261 0.209830 0.944902 
0.000000 0.349940 0.160331 0.922950 
0.000000 0.238942 0.363008 0.900628 
0.000000 0.068798 0.686165 0.724185 
Tiempo de proceso : 0.990000
