Tama¤o de Ventana 64,64
Planos: 4
Limites:
-1 64 128 192 255 
Piezas
0 1 1 1 0 
Ancho: 512 - Alto: 512
Patrones de ENTRENAMIENTO.
Num. Patrones: 10
Dimension: 4
0.000000 0.000000 0.299396 0.954129 
0.000000 0.005163 0.218567 0.975808 
0.000000 0.007773 0.228328 0.973553 
0.000000 0.033251 0.156754 0.987078 
0.000000 0.046638 0.101349 0.993757 
0.000000 0.068685 0.150697 0.986191 
0.000000 0.059827 0.107336 0.992421 
0.000000 0.055925 0.111003 0.992245 
0.000000 0.000000 0.026146 0.999658 
0.000000 0.000000 0.008988 0.999960 
0.000000 0.000000 0.015947 0.999873 
0.000000 0.000000 0.028369 0.999597 
0.000000 0.000000 0.067253 0.997736 
0.000000 0.000000 0.058775 0.998271 
0.000000 0.000000 0.064080 0.997945 
0.000000 0.000000 0.084935 0.996386 
0.000000 0.000000 0.000000 1.000000 
0.000000 0.000000 0.000000 1.000000 
0.000000 0.000000 0.000000 1.000000 
0.000000 0.000000 0.000000 1.000000 
0.000000 0.000000 0.000620 1.000000 
0.000000 0.000000 0.000664 1.000000 
0.000000 0.000000 0.001288 0.999999 
0.000000 0.000000 0.000628 1.000000 
0.000000 0.123380 0.228665 0.965655 
0.000000 0.101341 0.217368 0.970815 
0.000000 0.010397 0.356470 0.934249 
0.000000 0.038646 0.249817 0.967522 
0.000000 0.040293 0.256534 0.965695 
0.000000 0.033039 0.246288 0.968633 
0.000000 0.051211 0.185467 0.981315 
0.000000 0.013307 0.211429 0.977303 
0.000000 0.000000 0.049662 0.998766 
0.000000 0.000000 0.053336 0.998577 
0.000000 0.000000 0.012396 0.999923 
0.000000 0.000000 0.013778 0.999905 
0.000000 0.000000 0.026887 0.999638 
0.000000 0.000000 0.025127 0.999684 
0.000000 0.000000 0.019357 0.999813 
0.000000 0.000000 0.039968 0.999201 
0.000000 0.117920 0.057740 0.991343 
0.000000 0.101959 0.046801 0.993687 
0.000000 0.097277 0.060260 0.993431 
0.000000 0.036601 0.068428 0.996984 
0.000000 0.098089 0.035824 0.994533 
0.000000 0.060388 0.071813 0.995588 
0.000000 0.036983 0.080540 0.996065 
0.000000 0.044205 0.069121 0.996628 
0.000000 0.046756 0.081420 0.995583 
0.000000 0.043107 0.136081 0.989759 
0.000000 0.037854 0.090850 0.995145 
0.000000 0.032994 0.155073 0.987352 
0.000000 0.069879 0.128868 0.989197 
0.000000 0.013508 0.221199 0.975135 
0.000000 0.018186 0.192252 0.981177 
0.000000 0.008519 0.216381 0.976272 
0.000000 0.000000 0.000000 1.000000 
0.000000 0.000000 0.000000 1.000000 
0.000000 0.000000 0.000000 1.000000 
0.008855 0.000000 0.000000 0.999961 
0.001245 0.000000 0.000000 0.999999 
0.000000 0.000000 0.000612 1.000000 
0.000000 0.000000 0.000000 1.000000 
0.000000 0.000000 0.000000 1.000000 
Tiempo de proceso : 0.990000
