Tama¤o de Ventana 64,64
Planos: 4
Limites:
-1 64 128 192 255 
Piezas
0 1 1 1 0 
Ancho: 512 - Alto: 512
Patrones de ENTRENAMIENTO.
Num. Patrones: 10
Dimension: 4
0.000000 0.071830 0.583016 0.809279 
0.000000 0.090505 0.666557 0.739940 
0.000000 0.193858 0.685772 0.701523 
0.000000 0.372985 0.481622 0.793046 
0.000000 0.451494 0.322141 0.832093 
0.000000 0.468473 0.315177 0.825346 
0.000000 0.524111 0.243030 0.816238 
0.000000 0.565533 0.143391 0.812165 
0.000000 0.000000 0.648572 0.761154 
0.000000 0.000000 0.383230 0.923653 
0.000000 0.000000 0.258481 0.966016 
0.000000 0.000000 0.153516 0.988146 
0.000000 0.000000 0.179660 0.983729 
0.000000 0.000000 0.166803 0.985990 
0.000000 0.000000 0.440922 0.897545 
0.000000 0.000000 0.439817 0.898088 
0.000000 0.000000 0.098946 0.995093 
0.000000 0.000000 0.052996 0.998595 
0.000000 0.000000 0.169304 0.985564 
0.000000 0.000000 0.085097 0.996373 
0.000000 0.000000 0.091957 0.995763 
0.000000 0.000000 0.074828 0.997196 
0.000000 0.000000 0.014113 0.999900 
0.000000 0.000000 0.064185 0.997938 
0.000000 0.134971 0.069562 0.988405 
0.000000 0.062931 0.166008 0.984114 
0.000000 0.081827 0.115922 0.989882 
0.000000 0.039893 0.270134 0.961996 
0.000000 0.025953 0.219605 0.975244 
0.000000 0.068472 0.044697 0.996651 
0.000000 0.025017 0.037957 0.998966 
0.000000 0.038167 0.011450 0.999206 
0.000000 0.035429 0.030508 0.998906 
0.000000 0.025190 0.096562 0.995008 
0.000000 0.034797 0.061474 0.997502 
0.000000 0.156310 0.095594 0.983071 
0.000000 0.144672 0.041879 0.988593 
0.000000 0.062114 0.091976 0.993822 
0.000000 0.075845 0.046845 0.996019 
0.000000 0.093664 0.053039 0.994190 
0.000000 0.000000 0.032141 0.999483 
0.000000 0.000000 0.006568 0.999978 
0.000000 0.000000 0.004918 0.999988 
0.000000 0.000000 0.025339 0.999679 
0.000000 0.000000 0.036514 0.999333 
0.000000 0.000000 0.057166 0.998365 
0.000000 0.000000 0.090108 0.995932 
0.000000 0.000000 0.051947 0.998650 
0.000000 0.147288 0.344064 0.927322 
0.000000 0.057062 0.448347 0.892036 
0.000000 0.211661 0.221801 0.951842 
0.000000 0.280216 0.311914 0.907848 
0.000000 0.092919 0.603184 0.792171 
0.000000 0.139301 0.419182 0.897152 
0.000000 0.163900 0.378131 0.911128 
0.000000 0.143943 0.380796 0.913386 
0.000000 0.000000 0.001855 0.999998 
0.000000 0.000000 0.000000 1.000000 
0.000000 0.000000 0.000000 1.000000 
0.000000 0.000000 0.000632 1.000000 
0.000000 0.000000 0.002579 0.999997 
0.000000 0.000000 0.000000 1.000000 
0.007218 0.000000 0.001312 0.999973 
0.000000 0.000000 0.000631 1.000000 
Tiempo de proceso : 0.990000
