Tama¤o de Ventana 64,64
Planos: 4
Limites:
-1 64 128 192 255 
Piezas
0 1 1 1 0 
Ancho: 512 - Alto: 512
Patrones de ENTRENAMIENTO.
Num. Patrones: 10
Dimension: 4
0.000000 0.000000 0.054482 0.998515 
0.000000 0.000000 0.066874 0.997761 
0.000000 0.000000 0.156752 0.987638 
0.000000 0.000000 0.098714 0.995116 
0.000000 0.001992 0.101574 0.994826 
0.000000 0.011257 0.143275 0.989619 
0.000000 0.038036 0.183524 0.982279 
0.000000 0.218905 0.070232 0.973215 
0.000000 0.107708 0.171000 0.979366 
0.000000 0.162307 0.068742 0.984343 
0.000000 0.158676 0.060039 0.985504 
0.000000 0.057302 0.085058 0.994727 
0.000000 0.012346 0.068317 0.997587 
0.000000 0.000000 0.029445 0.999566 
0.000000 0.000000 0.045853 0.998948 
0.000000 0.000000 0.079276 0.996853 
0.000000 0.000876 0.177034 0.984204 
0.000000 0.000989 0.287892 0.957662 
0.000000 0.030833 0.301588 0.952940 
0.000000 0.185251 0.234002 0.954424 
0.000000 0.324268 0.183467 0.928003 
0.000000 0.441375 0.179382 0.879210 
0.000000 0.442258 0.155519 0.883301 
0.000000 0.543444 0.136794 0.828224 
0.000000 0.000000 0.055727 0.998446 
0.000000 0.000000 0.057416 0.998350 
0.000000 0.000000 0.003915 0.999992 
0.000000 0.000000 0.016892 0.999857 
0.000000 0.000000 0.039311 0.999227 
0.000000 0.000000 0.187482 0.982268 
0.000000 0.000000 0.255218 0.966884 
0.000000 0.000000 0.487768 0.872973 
0.000000 0.000000 0.000613 1.000000 
0.000000 0.000000 0.000000 1.000000 
0.000000 0.000000 0.000000 1.000000 
0.000000 0.000000 0.000000 1.000000 
0.000000 0.000000 0.000000 1.000000 
0.000000 0.000000 0.005976 0.999982 
0.000000 0.000000 0.019996 0.999800 
0.000000 0.000000 0.004679 0.999989 
0.000000 0.085360 0.387404 0.917950 
0.000000 0.180315 0.308508 0.933975 
0.000000 0.187650 0.290646 0.938250 
0.000000 0.073797 0.370378 0.925945 
0.000000 0.056247 0.230102 0.971540 
0.000000 0.089101 0.116377 0.989200 
0.000000 0.061393 0.079896 0.994911 
0.000000 0.045773 0.069061 0.996562 
0.000000 0.000000 0.063004 0.998013 
0.000000 0.000000 0.067946 0.997689 
0.000000 0.000000 0.077590 0.996985 
0.000000 0.000000 0.069500 0.997582 
0.000000 0.000000 0.118497 0.992954 
0.000000 0.034846 0.119348 0.992241 
0.000000 0.037035 0.106588 0.993613 
0.000000 0.092617 0.118792 0.988590 
0.000000 0.035280 0.101029 0.994258 
0.000000 0.037008 0.041539 0.998451 
0.000000 0.015901 0.024574 0.999572 
0.000000 0.000000 0.024309 0.999704 
0.000000 0.000000 0.033189 0.999449 
0.000000 0.000000 0.063565 0.997978 
0.000000 0.000000 0.070756 0.997494 
0.000000 0.000000 0.101058 0.994880 
Tiempo de proceso : 0.980000
