Tama¤o de Ventana 64,64
Planos: 4
Limites:
-1 64 128 192 255 
Piezas
0 1 1 1 0 
Ancho: 512 - Alto: 512
Patrones de ENTRENAMIENTO.
Num. Patrones: 10
Dimension: 4
0.000000 0.281997 0.490926 0.824299 
0.000000 0.352910 0.399964 0.845863 
0.000000 0.426493 0.262719 0.865496 
0.000000 0.425329 0.268925 0.864161 
0.000000 0.470800 0.095826 0.877020 
0.000000 0.459770 0.048763 0.886698 
0.000000 0.434072 0.038670 0.900048 
0.000000 0.432755 0.017457 0.901343 
0.000000 0.000000 0.227884 0.973688 
0.000000 0.000000 0.160693 0.987004 
0.000000 0.000000 0.186153 0.982521 
0.000000 0.000000 0.178002 0.984030 
0.000000 0.000000 0.151000 0.988534 
0.000000 0.022400 0.157627 0.987245 
0.000000 0.045972 0.182118 0.982201 
0.000000 0.043461 0.086070 0.995341 
0.000000 0.000000 0.115013 0.993364 
0.000000 0.000000 0.067229 0.997738 
0.000000 0.000000 0.123623 0.992329 
0.000000 0.000000 0.065965 0.997822 
0.000000 0.000000 0.246232 0.969211 
0.000000 0.000000 0.382957 0.923766 
0.000000 0.000000 0.298221 0.954497 
0.000000 0.000000 0.234544 0.972105 
0.000000 0.000000 0.124035 0.992278 
0.000000 0.000000 0.078227 0.996936 
0.000000 0.000000 0.070413 0.997518 
0.000000 0.000000 0.002776 0.999996 
0.000000 0.000000 0.032020 0.999487 
0.000000 0.000000 0.026099 0.999659 
0.000000 0.000000 0.000755 1.000000 
0.000000 0.000000 0.000000 1.000000 
0.000000 0.103040 0.198924 0.974583 
0.000000 0.213797 0.292190 0.932157 
0.000000 0.207157 0.140867 0.968113 
0.000000 0.151809 0.129728 0.979859 
0.000000 0.102592 0.106695 0.988985 
0.000000 0.191291 0.078853 0.978361 
0.000000 0.087146 0.308239 0.947309 
0.000000 0.045767 0.530129 0.846681 
0.000000 0.000000 0.066299 0.997800 
0.000000 0.000000 0.054087 0.998536 
0.000000 0.000000 0.150055 0.988678 
0.000000 0.000000 0.140009 0.990150 
0.000000 0.000000 0.103167 0.994664 
0.000000 0.000000 0.147415 0.989075 
0.000000 0.000000 0.175722 0.984440 
0.000000 0.000000 0.238565 0.971127 
0.000000 0.272106 0.191344 0.943051 
0.000000 0.226607 0.398611 0.888684 
0.000000 0.063231 0.591074 0.804135 
0.000000 0.157626 0.315252 0.935826 
0.000000 0.160033 0.300217 0.940350 
0.000000 0.064817 0.237330 0.969264 
0.000000 0.037929 0.219986 0.974765 
0.000000 0.036896 0.184481 0.982143 
0.000000 0.000000 0.000000 1.000000 
0.000000 0.000000 0.005236 0.999986 
0.000000 0.000000 0.003243 0.999995 
0.000000 0.000000 0.005376 0.999986 
0.000000 0.000000 0.055352 0.998467 
0.000000 0.000000 0.071000 0.997476 
0.000000 0.006614 0.091130 0.995817 
0.000000 0.006717 0.126879 0.991895 
Tiempo de proceso : 0.990000
