Tama¤o de Ventana 64,64
Planos: 4
Limites:
-1 64 128 192 255 
Piezas
0 1 1 1 0 
Ancho: 512 - Alto: 512
Patrones de ENTRENAMIENTO.
Num. Patrones: 10
Dimension: 4
0.000000 0.000000 0.076697 0.997055 
0.000000 0.000000 0.107973 0.994154 
0.000000 0.000000 0.084800 0.996398 
0.000000 0.000000 0.062682 0.998034 
0.000000 0.000000 0.007802 0.999970 
0.000000 0.000000 0.242323 0.970196 
0.000000 0.006252 0.200061 0.979764 
0.000000 0.000000 0.296744 0.954957 
0.000000 0.000000 0.027298 0.999627 
0.000000 0.000000 0.001198 0.999999 
0.000000 0.000000 0.025421 0.999677 
0.000000 0.000000 0.094483 0.995526 
0.000000 0.000000 0.025325 0.999679 
0.000000 0.000000 0.038598 0.999255 
0.000000 0.000000 0.061110 0.998131 
0.000000 0.000000 0.115215 0.993341 
0.000000 0.000000 0.086945 0.996213 
0.000000 0.000000 0.051196 0.998689 
0.000000 0.000000 0.047667 0.998863 
0.000000 0.000000 0.116471 0.993194 
0.000000 0.000000 0.157547 0.987512 
0.000000 0.000000 0.028265 0.999600 
0.000000 0.000000 0.009469 0.999955 
0.000000 0.000000 0.036392 0.999338 
0.000000 0.000000 0.216642 0.976251 
0.000000 0.001523 0.106587 0.994302 
0.000000 0.000000 0.149598 0.988747 
0.000000 0.000000 0.034270 0.999413 
0.000000 0.000000 0.015131 0.999885 
0.000000 0.000000 0.063685 0.997970 
0.000000 0.000000 0.015746 0.999876 
0.000000 0.000000 0.019733 0.999805 
0.000000 0.000000 0.039118 0.999235 
0.000000 0.000000 0.035539 0.999368 
0.000000 0.000000 0.232300 0.972644 
0.000000 0.000000 0.074210 0.997243 
0.000000 0.000000 0.255026 0.966934 
0.000000 0.000000 0.097901 0.995196 
0.000000 0.000000 0.010236 0.999948 
0.000000 0.000000 0.000591 1.000000 
0.000000 0.000736 0.103000 0.994681 
0.000000 0.002392 0.108419 0.994102 
0.000000 0.000000 0.114217 0.993456 
0.000000 0.003458 0.061560 0.998097 
0.000000 0.000000 0.677458 0.735561 
0.000000 0.000000 0.136209 0.990680 
0.000000 0.000000 0.024219 0.999707 
0.000000 0.000000 0.094455 0.995529 
0.000000 0.000000 0.051331 0.998682 
0.000000 0.035282 0.456319 0.889116 
0.000000 0.000862 0.152510 0.988302 
0.000000 0.000000 0.065230 0.997870 
0.000000 0.000000 0.094163 0.995557 
0.000000 0.000000 0.014780 0.999891 
0.000000 0.000000 0.029540 0.999564 
0.000000 0.000000 0.054056 0.998538 
0.000000 0.001631 0.160694 0.987003 
0.000000 0.006155 0.182904 0.983111 
0.000000 0.000000 0.080125 0.996785 
0.000000 0.000000 0.043805 0.999040 
0.000000 0.000000 0.115394 0.993320 
0.000000 0.000000 0.126514 0.991965 
0.000000 0.000000 0.046155 0.998934 
0.000000 0.000000 0.025532 0.999674 
Tiempo de proceso : 1.040000
