Tama¤o de Ventana 64,64
Planos: 4
Limites:
-1 64 128 192 255 
Piezas
0 1 1 1 0 
Ancho: 512 - Alto: 512
Patrones de ENTRENAMIENTO.
Num. Patrones: 10
Dimension: 4
0.000000 0.020386 0.816632 0.576799 
0.000000 0.002785 0.836942 0.547285 
0.000000 0.000000 0.083675 0.996493 
0.000000 0.005936 0.149250 0.988782 
0.000000 0.035610 0.417310 0.908066 
0.000000 0.000000 0.003778 0.999993 
0.000000 0.000000 0.006922 0.999976 
0.000000 0.000000 0.022951 0.999737 
0.000000 0.000000 0.016709 0.999860 
0.000000 0.000000 0.042258 0.999107 
0.000000 0.000000 0.008569 0.999963 
0.000000 0.000000 0.012657 0.999920 
0.000000 0.000000 0.125285 0.992121 
0.000000 0.000000 0.016892 0.999857 
0.000000 0.000000 0.018167 0.999835 
0.000000 0.000000 0.052921 0.998599 
0.000000 0.000000 0.029765 0.999557 
0.000000 0.000000 0.013573 0.999908 
0.000000 0.000000 0.036525 0.999333 
0.000000 0.000000 0.054037 0.998539 
0.000000 0.000000 0.017043 0.999855 
0.000000 0.000000 0.129266 0.991610 
0.000000 0.000000 0.018916 0.999821 
0.000000 0.000000 0.011306 0.999936 
0.000000 0.000708 0.055196 0.998475 
0.000000 0.000000 0.118782 0.992920 
0.000000 0.000000 0.016358 0.999866 
0.000000 0.000000 0.050162 0.998741 
0.000000 0.000000 0.017980 0.999838 
0.000000 0.000000 0.054576 0.998510 
0.000000 0.000000 0.006188 0.999981 
0.000000 0.000000 0.000000 1.000000 
0.000000 0.000000 0.065433 0.997857 
0.000000 0.000000 0.104641 0.994510 
0.000000 0.000000 0.013994 0.999902 
0.000000 0.000000 0.039022 0.999238 
0.000000 0.000000 0.053566 0.998564 
0.000000 0.000000 0.008987 0.999960 
0.000000 0.000000 0.090610 0.995886 
0.000000 0.000000 0.010897 0.999941 
0.000000 0.000000 0.092284 0.995733 
0.000000 0.000000 0.037272 0.999305 
0.000000 0.000000 0.004326 0.999991 
0.000000 0.000000 0.032521 0.999471 
0.000000 0.000000 0.012297 0.999924 
0.000000 0.000000 0.002446 0.999997 
0.000000 0.000000 0.225556 0.974230 
0.000000 0.000000 0.023299 0.999729 
0.000000 0.009700 0.098619 0.995078 
0.000000 0.000000 0.018738 0.999824 
0.000000 0.000000 0.006394 0.999979 
0.000000 0.000000 0.035526 0.999369 
0.000000 0.000000 0.018515 0.999829 
0.000000 0.000000 0.028458 0.999595 
0.000000 0.000000 0.011272 0.999937 
0.000000 0.000000 0.097485 0.995237 
0.000000 0.002340 0.078784 0.996889 
0.000000 0.000000 0.027787 0.999614 
0.000000 0.000000 0.005611 0.999984 
0.000000 0.000000 0.009914 0.999951 
0.000000 0.000000 0.060993 0.998138 
0.000000 0.000000 0.102869 0.994695 
0.000000 0.000000 0.112631 0.993637 
0.000000 0.001237 0.594842 0.803841 
Tiempo de proceso : 0.990000
