Tama¤o de Ventana 64,64
Planos: 4
Limites:
-1 64 128 192 255 
Piezas
0 1 1 1 0 
Ancho: 512 - Alto: 512
Patrones de ENTRENAMIENTO.
Num. Patrones: 10
Dimension: 4
0.000000 0.000000 0.043974 0.999033 
0.000000 0.000000 0.085066 0.996375 
0.000000 0.000000 0.165639 0.986187 
0.000000 0.000000 0.007006 0.999976 
0.000000 0.006746 0.021587 0.999744 
0.000000 0.000000 0.116245 0.993221 
0.000000 0.000000 0.113151 0.993578 
0.000000 0.000000 0.043111 0.999070 
0.000000 0.000000 0.066571 0.997782 
0.000000 0.000000 0.066569 0.997782 
0.000000 0.000000 0.012632 0.999920 
0.000000 0.000000 0.107986 0.994152 
0.000000 0.059770 0.614381 0.786742 
0.000000 0.000000 0.047392 0.998876 
0.000000 0.000000 0.229939 0.973205 
0.000000 0.000000 0.010276 0.999947 
0.000000 0.000000 0.003027 0.999995 
0.000000 0.000000 0.176033 0.984384 
0.000000 0.000000 0.090866 0.995863 
0.000000 0.000000 0.023119 0.999733 
0.000000 0.000000 0.117847 0.993032 
0.000000 0.002205 0.051440 0.998674 
0.000000 0.000000 0.034486 0.999405 
0.000000 0.000000 0.107752 0.994178 
0.000000 0.000000 0.073818 0.997272 
0.000000 0.002588 0.863259 0.504754 
0.000000 0.000000 0.219959 0.975509 
0.000000 0.000000 0.101699 0.994815 
0.000000 0.000000 0.011635 0.999932 
0.000000 0.000000 0.048858 0.998806 
0.000000 0.000000 0.090101 0.995933 
0.000000 0.000000 0.084531 0.996421 
0.000000 0.000000 0.067106 0.997746 
0.000000 0.000000 0.077567 0.996987 
0.000000 0.000000 0.124520 0.992217 
0.000000 0.000000 0.241693 0.970353 
0.000000 0.000000 0.076093 0.997101 
0.000000 0.005999 0.201383 0.979494 
0.000000 0.000000 0.186153 0.982521 
0.000000 0.000000 0.178955 0.983857 
0.000000 0.000000 0.010259 0.999947 
0.000000 0.000000 0.112135 0.993693 
0.000000 0.000000 0.081279 0.996691 
0.000000 0.000000 0.030225 0.999543 
0.000000 0.000000 0.020079 0.999798 
0.000000 0.000000 0.171815 0.985129 
0.000000 0.000000 0.057583 0.998341 
0.000000 0.001803 0.243384 0.969928 
0.000000 0.000000 0.046607 0.998913 
0.000000 0.000000 0.057283 0.998358 
0.000000 0.000000 0.124715 0.992193 
0.000000 0.000781 0.119515 0.992832 
0.000000 0.000000 0.021272 0.999774 
0.000000 0.000000 0.004935 0.999988 
0.000000 0.000000 0.085310 0.996354 
0.000000 0.000925 0.328413 0.944534 
0.000000 0.000000 0.140030 0.990147 
0.000000 0.000000 0.067142 0.997743 
0.000000 0.000000 0.074790 0.997199 
0.000000 0.000000 0.088948 0.996036 
0.000000 0.000000 0.053955 0.998543 
0.000000 0.000000 0.049096 0.998794 
0.000000 0.000000 0.028834 0.999584 
0.000000 0.000000 0.020458 0.999791 
Tiempo de proceso : 0.990000
