Tama¤o de Ventana 64,64
Planos: 4
Limites:
-1 64 128 192 255 
Piezas
0 1 1 1 0 
Ancho: 512 - Alto: 512
Patrones de ENTRENAMIENTO.
Num. Patrones: 10
Dimension: 4
0.000000 0.000000 0.004324 0.999991 
0.000000 0.000000 0.015539 0.999879 
0.000000 0.002028 0.020280 0.999792 
0.000000 0.000000 0.014229 0.999899 
0.000000 0.000000 0.014461 0.999895 
0.000000 0.000000 0.054437 0.998517 
0.000000 0.000000 0.056471 0.998404 
0.000000 0.000000 0.125680 0.992071 
0.000000 0.000649 0.011688 0.999932 
0.000000 0.003857 0.024684 0.999688 
0.000000 0.000000 0.059704 0.998216 
0.000000 0.000000 0.028026 0.999607 
0.000000 0.000000 0.104596 0.994515 
0.000000 0.000000 0.068024 0.997684 
0.000000 0.000000 0.042009 0.999117 
0.000000 0.000000 0.083185 0.996534 
0.000000 0.000802 0.116329 0.993210 
0.000000 0.000000 0.081867 0.996643 
0.000000 0.000000 0.180856 0.983510 
0.000000 0.000000 0.418101 0.908400 
0.000000 0.000000 0.121589 0.992581 
0.000000 0.000855 0.182120 0.983276 
0.000000 0.002854 0.255944 0.966687 
0.000000 0.000000 0.034103 0.999418 
0.000000 0.000000 0.008135 0.999967 
0.000000 0.000762 0.092939 0.995671 
0.000000 0.010673 0.179658 0.983671 
0.000000 0.000000 0.086309 0.996268 
0.000750 0.004501 0.066767 0.997758 
0.000000 0.000000 0.070613 0.997504 
0.000000 0.001538 0.107646 0.994188 
0.000000 0.000000 0.094136 0.995559 
0.000000 0.000733 0.062287 0.998058 
0.003377 0.001688 0.113117 0.993575 
0.000000 0.000000 0.048529 0.998822 
0.000000 0.087929 0.507760 0.857000 
0.000000 0.000000 0.145975 0.989288 
0.000000 0.000000 0.140722 0.990049 
0.000000 0.000000 0.040450 0.999182 
0.000000 0.000000 0.068695 0.997638 
0.000000 0.002013 0.261669 0.965156 
0.000000 0.000000 0.150442 0.988619 
0.000000 0.000000 0.056807 0.998385 
0.000000 0.000000 0.141811 0.989894 
0.000000 0.000000 0.034227 0.999414 
0.000000 0.000000 0.059135 0.998250 
0.000000 0.000000 0.126026 0.992027 
0.000000 0.000000 0.098267 0.995160 
0.000000 0.000000 0.103340 0.994646 
0.000000 0.000000 0.369047 0.929411 
0.000000 0.000862 0.177520 0.984117 
0.000000 0.000000 0.028500 0.999594 
0.000000 0.000000 0.158434 0.987370 
0.000000 0.000000 0.350222 0.936667 
0.000000 0.000000 0.084086 0.996458 
0.000000 0.000000 0.055164 0.998477 
0.000000 0.000000 0.051251 0.998686 
0.000000 0.000000 0.160419 0.987049 
0.000000 0.000000 0.285631 0.958340 
0.000000 0.000000 0.171267 0.985225 
0.000000 0.000000 0.202792 0.979222 
0.000000 0.000000 0.836207 0.548414 
0.000000 0.000000 0.088336 0.996091 
0.000000 0.000000 0.053236 0.998582 
Tiempo de proceso : 1.040000
