Tama¤o de Ventana 64,64
Planos: 4
Limites:
-1 64 128 192 255 
Piezas
0 1 1 1 0 
Ancho: 512 - Alto: 512
Patrones de ENTRENAMIENTO.
Num. Patrones: 10
Dimension: 4
0.000000 0.008646 0.399897 0.916519 
0.000000 0.037188 0.237429 0.970693 
0.000000 0.000000 0.067830 0.997697 
0.000000 0.000000 0.026979 0.999636 
0.000000 0.000000 0.077749 0.996973 
0.000000 0.000000 0.031235 0.999512 
0.000000 0.000000 0.018993 0.999820 
0.000000 0.000000 0.004297 0.999991 
0.000000 0.000000 0.146750 0.989174 
0.000000 0.000000 0.169878 0.985465 
0.000000 0.000000 0.033994 0.999422 
0.000000 0.000000 0.033890 0.999426 
0.000000 0.000000 0.059878 0.998206 
0.000000 0.000000 0.044585 0.999006 
0.000000 0.000000 0.037039 0.999314 
0.000000 0.000000 0.028418 0.999596 
0.000000 0.039424 0.141925 0.989092 
0.000000 0.000806 0.106448 0.994318 
0.000000 0.000000 0.076350 0.997081 
0.000000 0.000000 0.058681 0.998277 
0.000000 0.000000 0.060989 0.998138 
0.000000 0.000000 0.091035 0.995848 
0.000000 0.000000 0.026648 0.999645 
0.000000 0.000000 0.006761 0.999977 
0.000000 0.070315 0.150674 0.986080 
0.000000 0.018516 0.291627 0.956353 
0.000000 0.000775 0.105411 0.994428 
0.000000 0.000000 0.042486 0.999097 
0.000000 0.000000 0.008647 0.999963 
0.000000 0.000000 0.032263 0.999479 
0.000000 0.000000 0.084331 0.996438 
0.000000 0.000000 0.035812 0.999359 
0.000000 0.000000 0.237144 0.971474 
0.000000 0.000749 0.092157 0.995744 
0.000000 0.000000 0.055470 0.998460 
0.000000 0.000000 0.161815 0.986821 
0.000000 0.000000 0.062564 0.998041 
0.000000 0.000000 0.039656 0.999213 
0.000000 0.000000 0.134902 0.990859 
0.000000 0.000000 0.103282 0.994652 
0.000000 0.000000 0.191211 0.981549 
0.000000 0.000000 0.169989 0.985446 
0.000000 0.000000 0.286642 0.958038 
0.000000 0.001587 0.038098 0.999273 
0.000000 0.000000 0.065079 0.997880 
0.000000 0.000000 0.206055 0.978540 
0.000000 0.000000 0.022582 0.999745 
0.000000 0.000000 0.020544 0.999789 
0.000000 0.000000 0.005650 0.999984 
0.000000 0.000000 0.069134 0.997607 
0.000000 0.000000 0.007547 0.999972 
0.000000 0.001242 0.000621 0.999999 
0.000000 0.000000 0.098715 0.995116 
0.000000 0.000000 0.130576 0.991438 
0.000000 0.000976 0.252859 0.967503 
0.000000 0.000000 0.716383 0.697707 
0.000000 0.000000 0.075978 0.997109 
0.000000 0.000000 0.017842 0.999841 
0.000000 0.000000 0.013476 0.999909 
0.000000 0.000806 0.149996 0.988686 
0.000000 0.000000 0.320863 0.947126 
0.000000 0.000000 0.020090 0.999798 
0.000000 0.000000 0.056198 0.998420 
0.000000 0.000000 0.243196 0.969977 
Tiempo de proceso : 1.040000
