Tama¤o de Ventana 64,64
Planos: 4
Limites:
-1 64 128 192 255 
Piezas
0 1 1 1 0 
Ancho: 512 - Alto: 512
Patrones de ENTRENAMIENTO.
Num. Patrones: 10
Dimension: 4
0.000000 0.001334 0.014675 0.999891 
0.000000 0.000822 0.090462 0.995900 
0.000000 0.008289 0.189729 0.981802 
0.000000 0.013192 0.117852 0.992944 
0.000000 0.003244 0.081904 0.996635 
0.000000 0.000000 0.073198 0.997317 
0.000000 0.000789 0.091532 0.995802 
0.000000 0.000000 0.045281 0.998974 
0.000000 0.000000 0.057874 0.998324 
0.004836 0.000806 0.066893 0.997748 
0.000000 0.000000 0.054078 0.998537 
0.000000 0.068986 0.434492 0.898030 
0.000000 0.000000 0.114200 0.993458 
0.000000 0.000000 0.125381 0.992109 
0.000000 0.000000 0.055595 0.998453 
0.000000 0.000000 0.062326 0.998056 
0.000000 0.001000 0.251933 0.967744 
0.000000 0.000000 0.224727 0.974422 
0.000000 0.000000 0.060432 0.998172 
0.000000 0.000000 0.104953 0.994477 
0.000000 0.000000 0.015061 0.999887 
0.000000 0.000000 0.030077 0.999548 
0.000000 0.000000 0.121155 0.992634 
0.000000 0.000000 0.080005 0.996794 
0.000000 0.000000 0.133918 0.990992 
0.000000 0.000000 0.394434 0.918924 
0.000000 0.000812 0.165716 0.986173 
0.000000 0.000000 0.112773 0.993621 
0.000000 0.000970 0.260982 0.965343 
0.000000 0.000000 0.655113 0.755531 
0.000000 0.000000 0.066615 0.997779 
0.000000 0.000000 0.074750 0.997202 
0.000000 0.000000 0.106478 0.994315 
0.000000 0.000000 0.104642 0.994510 
0.000000 0.000971 0.280746 0.959782 
0.000000 0.000000 0.108333 0.994115 
0.000000 0.000000 0.167081 0.985943 
0.000000 0.000000 0.585240 0.810860 
0.000000 0.000000 0.149780 0.988719 
0.000000 0.000000 0.072788 0.997347 
0.000000 0.000000 0.043314 0.999062 
0.000000 0.000000 0.048587 0.998819 
0.000000 0.000000 0.004302 0.999991 
0.000000 0.000000 0.052443 0.998624 
0.000000 0.000000 0.001819 0.999998 
0.000000 0.000000 0.023835 0.999716 
0.000000 0.000000 0.015160 0.999885 
0.000000 0.000000 0.022344 0.999750 
0.000000 0.000000 0.129735 0.991549 
0.000000 0.000000 0.038902 0.999243 
0.000000 0.000000 0.032846 0.999460 
0.000000 0.000000 0.003092 0.999995 
0.000000 0.000000 0.079314 0.996850 
0.000000 0.000000 0.009061 0.999959 
0.000000 0.000000 0.001873 0.999998 
0.000000 0.000748 0.038893 0.999243 
0.000000 0.000000 0.019925 0.999802 
0.000000 0.000000 0.011688 0.999932 
0.000000 0.000000 0.005125 0.999987 
0.000000 0.000000 0.015922 0.999873 
0.000000 0.000000 0.213182 0.977012 
0.000000 0.000000 0.095203 0.995458 
0.000000 0.000000 0.061783 0.998090 
0.000000 0.000000 0.010088 0.999949 
Tiempo de proceso : 1.040000
