Tama¤o de Ventana 64,64
Planos: 4
Limites:
-1 64 128 192 255 
Piezas
0 1 1 1 0 
Ancho: 512 - Alto: 512
Patrones de ENTRENAMIENTO.
Num. Patrones: 10
Dimension: 4
0.000000 0.000000 0.130172 0.991491 
0.000000 0.000000 0.132010 0.991248 
0.000000 0.002746 0.269153 0.963093 
0.000000 0.000000 0.269883 0.962893 
0.000000 0.000000 0.194286 0.980945 
0.000000 0.001599 0.162324 0.986736 
0.000000 0.004029 0.164398 0.986386 
0.000000 0.002757 0.225194 0.974310 
0.000000 0.001086 0.463641 0.886022 
0.000000 0.000000 0.275848 0.961201 
0.000000 0.000000 0.051539 0.998671 
0.000000 0.000000 0.452106 0.891964 
0.000000 0.016605 0.381925 0.924044 
0.000000 0.000000 0.200626 0.979668 
0.000000 0.000767 0.131209 0.991355 
0.000000 0.000000 0.046048 0.998939 
0.000000 0.000000 0.122928 0.992416 
0.000000 0.000000 0.105099 0.994462 
0.000000 0.000000 0.122488 0.992470 
0.000000 0.000000 0.073999 0.997258 
0.000000 0.002976 0.116798 0.993151 
0.000000 0.000000 0.263368 0.964695 
0.000000 0.000000 0.315674 0.948868 
0.000000 0.005500 0.296078 0.955148 
0.000000 0.000000 0.065760 0.997836 
0.000000 0.000000 0.065063 0.997881 
0.000000 0.000000 0.036147 0.999346 
0.000000 0.000000 0.063747 0.997966 
0.000828 0.014072 0.176317 0.984232 
0.000000 0.005441 0.342757 0.939408 
0.000000 0.000000 0.005743 0.999984 
0.000000 0.000000 0.237993 0.971267 
0.000000 0.000000 0.162141 0.986768 
0.000000 0.000000 0.046803 0.998904 
0.000000 0.000000 0.173688 0.984801 
0.000000 0.000000 0.281592 0.959534 
0.000000 0.015126 0.112254 0.993564 
0.000000 0.032879 0.370434 0.928277 
0.000000 0.000000 0.129924 0.991524 
0.000000 0.000000 0.060845 0.998147 
0.000000 0.000000 0.035091 0.999384 
0.000000 0.002604 0.171853 0.985119 
0.000000 0.000000 0.042885 0.999080 
0.000000 0.000000 0.081693 0.996658 
0.000000 0.001964 0.264197 0.964467 
0.000000 0.000000 0.082578 0.996585 
0.000000 0.000000 0.035031 0.999386 
0.000000 0.000000 0.075868 0.997118 
0.000000 0.000000 0.046282 0.998928 
0.002351 0.002351 0.081489 0.996669 
0.018730 0.000780 0.042143 0.998936 
0.000000 0.000000 0.010236 0.999948 
0.000000 0.002380 0.074573 0.997213 
0.003751 0.000000 0.067514 0.997711 
0.000000 0.000000 0.206187 0.978513 
0.000000 0.000000 0.209081 0.977898 
0.000000 0.000000 0.050012 0.998749 
0.000000 0.000000 0.020485 0.999790 
0.000000 0.000000 0.014434 0.999896 
0.000000 0.000000 0.022337 0.999750 
0.000000 0.000000 0.000593 1.000000 
0.000000 0.000000 0.005009 0.999987 
0.000000 0.000000 0.242063 0.970261 
0.000000 0.000000 0.028458 0.999595 
Tiempo de proceso : 1.050000
