Tama¤o de Ventana 64,64
Planos: 4
Limites:
-1 64 128 192 255 
Piezas
0 1 1 1 0 
Ancho: 512 - Alto: 512
Patrones de ENTRENAMIENTO.
Num. Patrones: 10
Dimension: 4
0.000000 0.000000 0.489117 0.872218 
0.000000 0.029975 0.604950 0.795699 
0.000000 0.000000 0.113384 0.993551 
0.000000 0.000000 0.097054 0.995279 
0.000000 0.000000 0.139617 0.990206 
0.000000 0.000000 0.163339 0.986570 
0.000000 0.000000 0.407479 0.913215 
0.000000 0.000000 0.252012 0.967724 
0.000000 0.000000 0.234949 0.972008 
0.000000 0.011660 0.440173 0.897837 
0.000000 0.000000 0.097296 0.995256 
0.000000 0.000000 0.148241 0.988951 
0.000000 0.000000 0.175125 0.984546 
0.000000 0.000000 0.176939 0.984222 
0.000000 0.000000 0.282030 0.959406 
0.000000 0.000000 0.286690 0.958023 
0.000000 0.000000 0.315561 0.948905 
0.000000 0.000000 0.138196 0.990405 
0.000000 0.000000 0.154827 0.987942 
0.000000 0.000000 0.193964 0.981009 
0.000000 0.000000 0.553042 0.833154 
0.017195 0.012896 0.851166 0.524456 
0.000000 0.002601 0.631960 0.774997 
0.000000 0.000000 0.284754 0.958601 
0.000000 0.000000 0.566706 0.823920 
0.000000 0.000000 0.409455 0.912330 
0.000000 0.000000 0.312595 0.949886 
0.000000 0.000000 0.255943 0.966692 
0.000000 0.000000 0.752435 0.658666 
0.000000 0.002064 0.487219 0.873278 
0.000000 0.000000 0.177355 0.984147 
0.000000 0.000000 0.228641 0.973511 
0.000000 0.000000 0.150987 0.988536 
0.000000 0.000000 0.148983 0.988840 
0.000000 0.000000 0.284289 0.958739 
0.000000 0.000000 0.453751 0.891129 
0.000000 0.000000 0.559636 0.828738 
0.000000 0.000000 0.374194 0.927350 
0.000000 0.000000 0.336983 0.941511 
0.000000 0.000000 0.423625 0.905837 
0.000000 0.000000 0.465843 0.884867 
0.000000 0.000000 0.384615 0.923077 
0.000000 0.000000 0.502620 0.864507 
0.000000 0.000000 0.231125 0.972924 
0.000000 0.000000 0.639656 0.768662 
0.000000 0.000000 0.399750 0.916624 
0.000000 0.000000 0.282166 0.959365 
0.000000 0.000000 0.361944 0.932200 
0.000000 0.000000 0.821336 0.570445 
0.000000 0.004745 0.417548 0.908642 
0.000000 0.000000 0.302095 0.953278 
0.000000 0.000000 0.331993 0.943282 
0.000000 0.000000 0.580398 0.814333 
0.000000 0.000000 0.210794 0.977530 
0.000000 0.000000 0.460398 0.887713 
0.000000 0.000000 0.313833 0.949478 
0.000000 0.000000 0.228022 0.973656 
0.000000 0.000000 0.215442 0.976517 
0.000000 0.000000 0.271701 0.962382 
0.000000 0.000000 0.329487 0.944160 
0.000000 0.000000 0.603729 0.797189 
0.000000 0.000000 0.460479 0.887671 
0.000000 0.000000 0.457039 0.889447 
0.000000 0.000000 0.266586 0.963811 
Tiempo de proceso : 0.980000
