Tama¤o de Ventana 64,64
Planos: 4
Limites:
-1 64 128 192 255 
Piezas
0 1 1 1 0 
Ancho: 512 - Alto: 512
Patrones de ENTRENAMIENTO.
Num. Patrones: 10
Dimension: 4
0.000000 0.000000 0.238891 0.971046 
0.000000 0.000000 0.114950 0.993371 
0.000000 0.000000 0.096576 0.995326 
0.000000 0.000000 0.200533 0.979687 
0.000000 0.000000 0.474402 0.880308 
0.000000 0.002543 0.523812 0.851830 
0.000000 0.000000 0.511764 0.859126 
0.000000 0.000000 0.247207 0.968963 
0.000000 0.000000 0.223214 0.974769 
0.000000 0.000000 0.126152 0.992011 
0.000000 0.000000 0.128424 0.991719 
0.000000 0.000000 0.129844 0.991534 
0.000000 0.000000 0.791106 0.611680 
0.015044 0.004298 0.401897 0.915551 
0.000000 0.000000 0.169971 0.985449 
0.000000 0.000000 0.141713 0.989908 
0.000000 0.000000 0.200944 0.979603 
0.000000 0.000000 0.234404 0.972139 
0.000000 0.000000 0.300204 0.953875 
0.000000 0.000000 0.448238 0.893914 
0.000000 0.000000 0.604904 0.796299 
0.000000 0.000000 0.282046 0.959401 
0.000000 0.000000 0.233215 0.972425 
0.000000 0.000000 0.275639 0.961261 
0.000000 0.000000 0.176920 0.984225 
0.000000 0.000000 0.268878 0.963174 
0.000000 0.000000 0.316228 0.948683 
0.000000 0.000000 0.232426 0.972614 
0.000000 0.000000 0.445440 0.895312 
0.000000 0.000000 0.272691 0.962102 
0.000000 0.000000 0.260289 0.965531 
0.000000 0.000000 0.299560 0.954077 
0.000000 0.000000 0.727789 0.685801 
0.000000 0.007591 0.390928 0.920390 
0.000000 0.000000 0.340568 0.940220 
0.000000 0.000000 0.328764 0.944412 
0.000000 0.000000 0.471462 0.881886 
0.000000 0.000000 0.318244 0.948009 
0.000000 0.000000 0.446334 0.894867 
0.000000 0.000000 0.316853 0.948475 
0.000000 0.000000 0.160373 0.987057 
0.000000 0.000000 0.129911 0.991526 
0.000000 0.000000 0.265703 0.964055 
0.000000 0.002544 0.330689 0.943736 
0.000000 0.000000 0.369690 0.929155 
0.000000 0.000000 0.323737 0.946147 
0.000000 0.000000 0.243482 0.969905 
0.000000 0.000000 0.352977 0.935632 
0.000000 0.000000 0.347232 0.937779 
0.000000 0.000000 0.100774 0.994909 
0.000000 0.000000 0.200834 0.979625 
0.000000 0.000000 0.291459 0.956583 
0.000000 0.000000 0.863964 0.503553 
0.000000 0.000000 0.560461 0.828181 
0.000000 0.000000 0.395292 0.918556 
0.000000 0.000000 0.972530 0.232776 
0.000000 0.040899 0.889551 0.455000 
0.000000 0.000000 0.447214 0.894427 
0.000000 0.000000 0.545912 0.837843 
0.000000 0.000000 0.622190 0.782866 
0.000000 0.000000 0.662340 0.749204 
0.000000 0.000000 0.615586 0.788069 
0.000000 0.002867 0.900083 0.435709 
0.000000 0.000000 0.996844 0.079381 
Tiempo de proceso : 0.990000
