Tama¤o de Ventana 64,64
Planos: 4
Limites:
-1 64 128 192 255 
Piezas
0 1 1 1 0 
Ancho: 512 - Alto: 512
Patrones de ENTRENAMIENTO.
Num. Patrones: 10
Dimension: 4
0.000000 0.000000 0.100212 0.994966 
0.000000 0.000000 0.049855 0.998757 
0.000000 0.000000 0.158951 0.987286 
0.000000 0.004864 0.420749 0.907164 
0.000000 0.000000 0.175725 0.984439 
0.000000 0.000000 0.210794 0.977530 
0.000000 0.000000 0.492690 0.870205 
0.000000 0.000000 0.171341 0.985212 
0.000000 0.000000 0.124529 0.992216 
0.000000 0.000000 0.095096 0.995468 
0.000000 0.000000 0.123814 0.992305 
0.000000 0.000000 0.132955 0.991122 
0.000000 0.000000 0.207246 0.978289 
0.000000 0.000000 0.180735 0.983532 
0.000000 0.000000 0.594134 0.804366 
0.000000 0.000000 0.161528 0.986868 
0.000000 0.000000 0.128967 0.991649 
0.000000 0.000000 0.171912 0.985112 
0.000000 0.000000 0.354458 0.935072 
0.000000 0.000000 0.413619 0.910450 
0.000000 0.002371 0.374658 0.927160 
0.000000 0.000000 0.350853 0.936431 
0.000000 0.000000 0.707107 0.707107 
0.000000 0.000000 0.266415 0.963858 
0.000000 0.000000 0.206594 0.978427 
0.000000 0.000000 0.204779 0.978808 
0.000000 0.002442 0.718009 0.696029 
0.018029 0.010016 0.452719 0.891415 
0.000000 0.000000 0.236738 0.971573 
0.000000 0.000000 0.129791 0.991541 
0.000000 0.009543 0.343566 0.939080 
0.000000 0.000000 0.216561 0.976269 
0.000000 0.002498 0.689403 0.724373 
0.000000 0.000000 0.705841 0.708371 
0.000000 0.000000 0.838248 0.545289 
0.000000 0.000000 0.208724 0.977975 
0.000000 0.000000 0.168455 0.985709 
0.000000 0.002055 0.267113 0.963663 
0.000000 0.000000 0.625565 0.780172 
0.000000 0.000000 0.304776 0.952424 
0.000000 0.000000 0.472451 0.881357 
0.000000 0.000000 0.554700 0.832050 
0.000000 0.000000 0.412508 0.910954 
0.000000 0.000000 0.503007 0.864282 
0.000000 0.000000 0.383707 0.923455 
0.000000 0.000000 0.372702 0.927951 
0.000000 0.000000 0.824125 0.566409 
0.000000 0.000000 0.329372 0.944200 
0.000000 0.000000 0.397029 0.917806 
0.000000 0.000000 0.423839 0.905738 
0.000000 0.000000 0.846316 0.532681 
0.000000 0.000000 0.430837 0.902430 
0.000000 0.000000 0.455621 0.890174 
0.000000 0.000000 0.491141 0.871080 
0.000000 0.000000 0.733585 0.679598 
0.000000 0.000000 0.539768 0.841814 
0.000000 0.000000 0.433816 0.901002 
0.000000 0.000000 0.457543 0.889187 
0.000000 0.000000 0.191182 0.981555 
0.000000 0.002164 0.292108 0.956383 
0.000000 0.000000 0.123519 0.992342 
0.000000 0.000000 0.160012 0.987115 
0.000000 0.000000 0.852987 0.521932 
0.000000 0.002866 0.736556 0.676371 
Tiempo de proceso : 0.990000
