Tama¤o de Ventana 64,64
Planos: 4
Limites:
-1 64 128 192 255 
Piezas
0 1 1 1 0 
Ancho: 512 - Alto: 512
Patrones de ENTRENAMIENTO.
Num. Patrones: 10
Dimension: 4
0.000000 0.000000 0.319316 0.947648 
0.000000 0.000000 0.446062 0.895002 
0.000000 0.000000 0.678418 0.734677 
0.000000 0.000000 0.407442 0.913231 
0.000000 0.000000 0.604019 0.796970 
0.000000 0.000000 0.559098 0.829102 
0.000000 0.000000 0.681726 0.731608 
0.000000 0.001740 0.969420 0.245401 
0.000000 0.000000 0.332689 0.943036 
0.000000 0.000000 0.259018 0.965872 
0.000000 0.000000 0.272756 0.962083 
0.000000 0.000000 0.262702 0.964877 
0.000000 0.000000 0.305428 0.952215 
0.000000 0.000000 0.325914 0.945399 
0.000000 0.000000 0.505564 0.862789 
0.000000 0.000000 0.964404 0.264433 
0.000000 0.000000 0.408913 0.912573 
0.000000 0.000000 0.313481 0.949595 
0.000000 0.000000 0.498471 0.866906 
0.000000 0.000000 0.235727 0.971819 
0.000000 0.000000 0.316932 0.948448 
0.000000 0.000000 0.359313 0.933217 
0.000000 0.000000 0.375648 0.926763 
0.000000 0.000000 0.676549 0.736398 
0.000000 0.000000 0.277462 0.960737 
0.000000 0.000000 0.273880 0.961764 
0.000000 0.000000 0.214174 0.976795 
0.000000 0.000000 0.341273 0.939964 
0.000000 0.000000 0.699651 0.714485 
0.000000 0.000000 0.941339 0.337461 
0.000000 0.000000 0.909238 0.416277 
0.000000 0.000000 0.527074 0.849820 
0.000000 0.002079 0.353400 0.935470 
0.000000 0.000000 0.274721 0.961524 
0.000000 0.000000 0.555845 0.831286 
0.000000 0.000000 0.406138 0.913812 
0.000000 0.000000 0.957407 0.288742 
0.000000 0.001269 0.998510 0.054556 
0.000000 0.000000 0.998444 0.055757 
0.000000 0.000000 0.993739 0.111722 
0.000000 0.000000 0.309637 0.950855 
0.000000 0.000000 0.353258 0.935526 
0.000000 0.000000 0.296099 0.955157 
0.000000 0.000000 0.439553 0.898217 
0.000000 0.000000 0.959205 0.282713 
0.000000 0.000000 0.985976 0.166887 
0.000000 0.000000 0.871421 0.490535 
0.000000 0.000000 0.809078 0.587701 
0.000000 0.000000 0.446047 0.895010 
0.000000 0.000000 0.590813 0.806809 
0.000000 0.000000 0.372258 0.928129 
0.000000 0.000000 0.495850 0.868408 
0.000000 0.000000 0.382674 0.923884 
0.000000 0.000000 0.308377 0.951264 
0.000000 0.000000 0.231227 0.972900 
0.000000 0.000000 0.860249 0.509874 
0.000000 0.000000 0.707107 0.707107 
0.000000 0.000000 0.613719 0.789524 
0.000000 0.000000 0.785445 0.618931 
0.000000 0.000000 0.809646 0.586918 
0.000000 0.000000 0.518907 0.854831 
0.000000 0.000000 0.424791 0.905292 
0.000000 0.000000 0.967002 0.254768 
0.000000 0.000000 0.980275 0.197636 
Tiempo de proceso : 0.880000
