Tama¤o de Ventana 64,64
Planos: 3
Limites:
-1 50 150 255 
Piezas
0 1 0 0 0 
Ancho: 512 - Alto: 512
Patrones de ENTRENAMIENTO.
Num. Patrones: 10
Dimension: 3
0.000000 0.000000 1.000000 
0.000000 0.000000 1.000000 
0.000000 0.000000 1.000000 
0.000000 0.000000 1.000000 
0.000000 0.009930 0.999951 
0.000000 0.000000 1.000000 
0.000000 0.000000 1.000000 
0.000000 0.000000 1.000000 
0.000000 0.009000 0.999959 
0.000000 0.000000 1.000000 
0.000000 0.000000 1.000000 
0.000000 0.000000 1.000000 
0.000000 0.000000 1.000000 
0.000000 0.000000 1.000000 
0.000000 0.000000 1.000000 
0.000000 0.000000 1.000000 
0.000000 0.000000 1.000000 
0.000000 0.000000 1.000000 
0.000000 0.000000 1.000000 
0.000000 0.000000 1.000000 
0.000000 0.000000 1.000000 
0.000000 0.000000 1.000000 
0.000000 0.000000 1.000000 
0.000000 0.000000 1.000000 
0.000000 0.000000 1.000000 
0.000000 0.020137 0.999797 
0.000000 0.000000 1.000000 
0.000000 0.000000 1.000000 
0.000000 0.000000 1.000000 
0.000000 0.000000 1.000000 
0.000000 0.000000 1.000000 
0.000000 0.000000 1.000000 
0.000000 0.000000 1.000000 
0.000000 0.000000 1.000000 
0.000000 0.000000 1.000000 
0.000000 0.000000 1.000000 
0.000000 0.000000 1.000000 
0.000000 0.000000 1.000000 
0.000000 0.000000 1.000000 
0.000000 0.000000 1.000000 
0.000000 0.000000 1.000000 
0.000000 0.000000 1.000000 
0.033040 0.001032 0.999453 
0.000000 0.000000 1.000000 
0.000000 0.000000 1.000000 
0.000000 0.000000 1.000000 
0.000000 0.000000 1.000000 
0.000000 0.000000 1.000000 
0.000000 0.000000 1.000000 
0.000000 0.000000 1.000000 
0.000000 0.000000 1.000000 
0.000000 0.000000 1.000000 
0.000000 0.000000 1.000000 
0.000000 0.000000 1.000000 
0.000000 0.000000 1.000000 
0.000000 0.000000 1.000000 
0.000000 0.000000 1.000000 
0.000000 0.000000 1.000000 
0.000000 0.000000 1.000000 
0.000000 0.000000 1.000000 
0.000000 0.000000 1.000000 
0.000000 0.000000 1.000000 
0.000000 0.000000 1.000000 
0.000000 0.000000 1.000000 
Tiempo de proceso : 0.710000
