Tama¤o de Ventana 64,64
Planos: 4
Limites:
-1 64 128 192 255 
Piezas
0 1 1 1 0 
Ancho: 512 - Alto: 512
Patrones de ENTRENAMIENTO.
Num. Patrones: 10
Dimension: 4
0.000000 0.000000 0.000609 1.000000 
0.000000 0.000000 0.000657 1.000000 
0.000000 0.000000 0.000000 1.000000 
0.000000 0.000000 0.000000 1.000000 
0.000000 0.000000 0.000000 1.000000 
0.000000 0.000000 0.000000 1.000000 
0.000000 0.000000 0.005806 0.999983 
0.000000 0.000000 0.000000 1.000000 
0.000000 0.000000 0.005840 0.999983 
0.000000 0.000000 0.000000 1.000000 
0.000000 0.000000 0.000000 1.000000 
0.000000 0.000000 0.000654 1.000000 
0.000000 0.000000 0.000000 1.000000 
0.000000 0.000000 0.000000 1.000000 
0.000000 0.000000 0.000000 1.000000 
0.000000 0.000000 0.006338 0.999980 
0.000000 0.000000 0.031665 0.999499 
0.000000 0.000000 0.000000 1.000000 
0.000000 0.000000 0.000675 1.000000 
0.000000 0.000000 0.000000 1.000000 
0.000000 0.000000 0.024089 0.999710 
0.000000 0.000000 0.071348 0.997451 
0.000000 0.000000 0.008945 0.999960 
0.000000 0.000000 0.000000 1.000000 
0.000000 0.000000 0.001262 0.999999 
0.000000 0.000000 0.006190 0.999981 
0.000000 0.000000 0.000000 1.000000 
0.000000 0.000000 0.000000 1.000000 
0.000000 0.000000 0.000000 1.000000 
0.000000 0.000000 0.000000 1.000000 
0.000000 0.000000 0.000000 1.000000 
0.000000 0.000000 0.004660 0.999989 
0.000000 0.000000 0.000610 1.000000 
0.000000 0.000000 0.000000 1.000000 
0.000000 0.000000 0.000000 1.000000 
0.000000 0.000000 0.000000 1.000000 
0.000000 0.000000 0.000000 1.000000 
0.000000 0.000000 0.000000 1.000000 
0.000000 0.000000 0.000000 1.000000 
0.000000 0.000000 0.014868 0.999889 
0.000000 0.000000 0.001886 0.999998 
0.000000 0.000000 0.000000 1.000000 
0.000000 0.000000 0.000000 1.000000 
0.029777 0.000000 0.000677 0.999556 
0.000000 0.000000 0.000629 1.000000 
0.000000 0.000000 0.002009 0.999998 
0.000000 0.000000 0.003226 0.999995 
0.000000 0.000000 0.002546 0.999997 
0.000000 0.000000 0.000000 1.000000 
0.000000 0.000000 0.000000 1.000000 
0.000000 0.000000 0.000000 1.000000 
0.000000 0.000000 0.000000 1.000000 
0.000000 0.000000 0.000000 1.000000 
0.000000 0.000000 0.004818 0.999988 
0.000000 0.000000 0.000000 1.000000 
0.000000 0.000000 0.000000 1.000000 
0.010062 0.000000 0.001258 0.999949 
0.000000 0.000000 0.000000 1.000000 
0.018877 0.000000 0.009089 0.999781 
0.000000 0.000000 0.000000 1.000000 
0.000000 0.000000 0.000000 1.000000 
0.000000 0.000000 0.000000 1.000000 
0.000000 0.000000 0.000000 1.000000 
0.000000 0.000000 0.000000 1.000000 
Tiempo de proceso : 1.150000
