Tama¤o de Ventana 64,64
Planos: 5
Limites:
-1 32 64 96 128 255 
Piezas
0 1 1 1 0 
Ancho: 512 - Alto: 512
Patrones de ENTRENAMIENTO.
Num. Patrones: 64
Dimension: 5
0.000000 0.000000 0.000000 0.012867 0.999917 
0.000000 0.000000 0.000000 0.000000 1.000000 
0.000000 0.000000 0.000000 0.000000 1.000000 
0.000000 0.000000 0.000000 0.000000 1.000000 
0.000000 0.000000 0.000000 0.000000 1.000000 
0.000000 0.000000 0.000000 0.000000 1.000000 
0.000000 0.000000 0.000000 0.000000 1.000000 
0.000000 0.000000 0.000000 0.000000 1.000000 
0.000000 0.000000 0.000000 0.048459 0.998825 
0.000000 0.000000 0.000000 0.060124 0.998191 
0.000000 0.000000 0.000000 0.042335 0.999103 
0.000000 0.000000 0.000627 0.044526 0.999008 
0.000000 0.000000 0.000000 0.011599 0.999933 
0.000000 0.000000 0.000000 0.005405 0.999985 
0.000000 0.000000 0.000622 0.018043 0.999837 
0.000000 0.000000 0.000000 0.007888 0.999969 
0.000000 0.001894 0.038818 0.180833 0.982746 
0.000000 0.000000 0.005353 0.240012 0.970755 
0.000000 0.000000 0.008730 0.205167 0.978688 
0.000000 0.000000 0.001717 0.187191 0.982322 
0.000000 0.000000 0.000000 0.057476 0.998347 
0.000000 0.000000 0.000000 0.046860 0.998901 
0.000000 0.000000 0.003399 0.186955 0.982363 
0.000000 0.000000 0.003728 0.387721 0.921769 
0.000000 0.000000 0.000000 0.016197 0.999869 
0.000000 0.000000 0.000000 0.000000 1.000000 
0.000000 0.000000 0.000000 0.000000 1.000000 
0.000000 0.000000 0.000000 0.000000 1.000000 
0.000000 0.000000 0.000000 0.000000 1.000000 
0.000000 0.000000 0.000000 0.000000 1.000000 
0.000000 0.000000 0.000000 0.000000 1.000000 
0.000000 0.000000 0.000000 0.000000 1.000000 
0.000000 0.000000 0.000000 0.048763 0.998810 
0.000000 0.000000 0.000000 0.044971 0.998988 
0.000000 0.000000 0.001617 0.114777 0.993390 
0.000000 0.000000 0.000000 0.187266 0.982309 
0.000000 0.000000 0.000000 0.163653 0.986518 
0.000000 0.000000 0.001891 0.133340 0.991068 
0.000000 0.000000 0.000977 0.281425 0.959583 
0.000000 0.000000 0.000000 0.373525 0.927620 
0.000000 0.000000 0.000000 0.000000 1.000000 
0.000000 0.000000 0.000000 0.000000 1.000000 
0.000000 0.000000 0.000000 0.000000 1.000000 
0.000000 0.000000 0.000000 0.000000 1.000000 
0.000000 0.000000 0.000000 0.000000 1.000000 
0.000000 0.000000 0.000000 0.000000 1.000000 
0.000000 0.000000 0.000000 0.000000 1.000000 
0.000000 0.000000 0.000000 0.000000 1.000000 
0.000000 0.000000 0.000000 0.000000 1.000000 
0.000000 0.000000 0.000000 0.000000 1.000000 
0.000000 0.000000 0.000000 0.000000 1.000000 
0.000000 0.000000 0.000000 0.000000 1.000000 
0.000000 0.000000 0.000000 0.000000 1.000000 
0.000000 0.000000 0.000000 0.000000 1.000000 
0.000000 0.000000 0.000000 0.000000 1.000000 
0.000000 0.000000 0.000000 0.000000 1.000000 
0.000000 0.000000 0.000000 0.122350 0.992487 
0.000000 0.000000 0.000000 0.073789 0.997274 
0.000000 0.000000 0.000000 0.043140 0.999069 
0.000000 0.000000 0.000000 0.020910 0.999781 
0.000000 0.000000 0.000000 0.053555 0.998565 
0.000000 0.000000 0.000000 0.036280 0.999342 
0.000000 0.000000 0.000000 0.028816 0.999585 
0.000000 0.000000 0.000000 0.009650 0.999953 
Tiempo de proceso : 1.100000
