Tama¤o de Ventana 64,64
Planos: 5
Limites:
-1 32 64 96 128 255 
Piezas
0 1 1 1 0 
Ancho: 512 - Alto: 512
Patrones de ENTRENAMIENTO.
Num. Patrones: 64
Dimension: 5
0.000000 0.000000 0.000000 0.000000 1.000000 
0.000000 0.000000 0.000000 0.003559 0.999994 
0.000000 0.000000 0.000000 0.004920 0.999988 
0.000000 0.000000 0.000000 0.022751 0.999741 
0.000000 0.000000 0.000000 0.035545 0.999368 
0.000000 0.000000 0.000000 0.046063 0.998939 
0.000000 0.000000 0.000000 0.046684 0.998910 
0.000000 0.000000 0.000000 0.045067 0.998984 
0.000000 0.000000 0.000000 0.000000 1.000000 
0.000000 0.000000 0.000000 0.000000 1.000000 
0.000000 0.000000 0.000000 0.000000 1.000000 
0.000000 0.000000 0.000000 0.000000 1.000000 
0.000000 0.000000 0.000000 0.000000 1.000000 
0.000000 0.000000 0.000000 0.000000 1.000000 
0.000000 0.000000 0.000000 0.000000 1.000000 
0.000000 0.000000 0.000000 0.000000 1.000000 
0.000000 0.000000 0.000000 0.000000 1.000000 
0.000000 0.000000 0.000000 0.000000 1.000000 
0.000000 0.000000 0.000000 0.000000 1.000000 
0.000000 0.000000 0.000000 0.000000 1.000000 
0.000000 0.000000 0.000000 0.000000 1.000000 
0.000000 0.000000 0.000000 0.000000 1.000000 
0.000000 0.000000 0.000000 0.000000 1.000000 
0.000000 0.000000 0.000000 0.000000 1.000000 
0.000000 0.000000 0.000000 0.067890 0.997693 
0.000000 0.000000 0.000000 0.068631 0.997642 
0.000000 0.000000 0.000000 0.006217 0.999981 
0.000000 0.000000 0.000000 0.026257 0.999655 
0.000000 0.000000 0.000000 0.027504 0.999622 
0.000000 0.000000 0.000000 0.019376 0.999812 
0.000000 0.000000 0.000000 0.037086 0.999312 
0.000000 0.000000 0.000000 0.008841 0.999961 
0.000000 0.000000 0.000000 0.000000 1.000000 
0.000000 0.000000 0.000000 0.000000 1.000000 
0.000000 0.000000 0.000000 0.000000 1.000000 
0.000000 0.000000 0.000000 0.000000 1.000000 
0.000000 0.000000 0.000000 0.000000 1.000000 
0.000000 0.000000 0.000000 0.000000 1.000000 
0.000000 0.000000 0.000000 0.000000 1.000000 
0.000000 0.000000 0.000000 0.000000 1.000000 
0.000000 0.000000 0.000000 0.104116 0.994565 
0.000000 0.000000 0.000000 0.085901 0.996304 
0.000000 0.000000 0.000000 0.071247 0.997459 
0.000000 0.000000 0.000000 0.031665 0.999499 
0.000000 0.000000 0.000000 0.079773 0.996813 
0.000000 0.000000 0.000000 0.050242 0.998737 
0.000000 0.000000 0.000000 0.030047 0.999548 
0.000000 0.000000 0.000000 0.036376 0.999338 
0.000000 0.000000 0.000000 0.039406 0.999223 
0.000000 0.000000 0.000000 0.034180 0.999416 
0.000000 0.000000 0.000000 0.032172 0.999482 
0.000000 0.000000 0.000000 0.027614 0.999619 
0.000000 0.000000 0.000000 0.055510 0.998458 
0.000000 0.000000 0.000000 0.010645 0.999943 
0.000000 0.000000 0.000000 0.014451 0.999896 
0.000000 0.000000 0.000000 0.006812 0.999977 
0.000000 0.000000 0.000000 0.000000 1.000000 
0.000000 0.000000 0.000000 0.000000 1.000000 
0.000000 0.000000 0.000000 0.000000 1.000000 
0.005970 0.000000 0.000000 0.000000 0.999982 
0.000000 0.000000 0.000000 0.000000 1.000000 
0.000000 0.000000 0.000000 0.000000 1.000000 
0.000000 0.000000 0.000000 0.000000 1.000000 
0.000000 0.000000 0.000000 0.000000 1.000000 
Tiempo de proceso : 1.100000
