Tama¤o de Ventana 64,64
Planos: 5
Limites:
-1 32 64 96 128 255 
Piezas
0 1 1 1 0 
Ancho: 512 - Alto: 512
Patrones de ENTRENAMIENTO.
Num. Patrones: 64
Dimension: 5
0.000000 0.000000 0.000000 0.242331 0.970194 
0.000000 0.000000 0.000000 0.197174 0.980368 
0.000000 0.000000 0.000000 0.144271 0.989538 
0.000000 0.000000 0.000000 0.075994 0.997108 
0.000000 0.000000 0.000000 0.062478 0.998046 
0.000000 0.000000 0.000000 0.066464 0.997789 
0.000000 0.000000 0.000000 0.068322 0.997663 
0.000000 0.000000 0.000000 0.136823 0.990596 
0.000000 0.000000 0.000000 0.000000 1.000000 
0.000000 0.000000 0.000000 0.000000 1.000000 
0.000000 0.000000 0.000000 0.000000 1.000000 
0.000000 0.000000 0.000000 0.000000 1.000000 
0.000000 0.000000 0.000000 0.000000 1.000000 
0.000000 0.000000 0.000000 0.000000 1.000000 
0.000000 0.000000 0.000000 0.000000 1.000000 
0.000000 0.000000 0.000000 0.000000 1.000000 
0.000000 0.000000 0.000000 0.000000 1.000000 
0.000000 0.000000 0.000000 0.000000 1.000000 
0.000000 0.000000 0.000000 0.000000 1.000000 
0.000000 0.000000 0.000000 0.000000 1.000000 
0.000000 0.000000 0.000000 0.000000 1.000000 
0.000000 0.000000 0.000000 0.000000 1.000000 
0.000000 0.000000 0.000000 0.000000 1.000000 
0.000000 0.000000 0.000000 0.000000 1.000000 
0.000000 0.000000 0.000000 0.000000 1.000000 
0.000000 0.000000 0.000000 0.000000 1.000000 
0.000000 0.000000 0.000000 0.000000 1.000000 
0.000000 0.000000 0.000000 0.000000 1.000000 
0.000000 0.000000 0.000000 0.000000 1.000000 
0.000000 0.000000 0.000000 0.000000 1.000000 
0.000000 0.000000 0.000000 0.000000 1.000000 
0.000000 0.000000 0.000000 0.000000 1.000000 
0.000000 0.000000 0.001981 0.036645 0.999326 
0.000000 0.000000 0.000898 0.027842 0.999612 
0.000000 0.000000 0.000000 0.010010 0.999950 
0.000000 0.000000 0.000000 0.009063 0.999959 
0.000000 0.000000 0.000000 0.009082 0.999959 
0.000000 0.000000 0.000000 0.004562 0.999990 
0.000000 0.000000 0.000000 0.031553 0.999502 
0.000000 0.000000 0.000000 0.031879 0.999492 
0.000000 0.000000 0.000000 0.000000 1.000000 
0.000000 0.000000 0.000000 0.000000 1.000000 
0.000000 0.000000 0.000000 0.000000 1.000000 
0.000000 0.000000 0.000000 0.000000 1.000000 
0.000000 0.000000 0.000000 0.000000 1.000000 
0.000000 0.000000 0.000000 0.000000 1.000000 
0.000000 0.000000 0.000000 0.000000 1.000000 
0.000000 0.000000 0.000000 0.000000 1.000000 
0.000000 0.000000 0.000000 0.040572 0.999177 
0.000000 0.000000 0.000000 0.024419 0.999702 
0.000000 0.000000 0.000000 0.029639 0.999561 
0.000000 0.000000 0.000000 0.034854 0.999392 
0.000000 0.000000 0.000000 0.021111 0.999777 
0.000000 0.000000 0.000000 0.047565 0.998868 
0.000000 0.000000 0.000000 0.043678 0.999046 
0.000000 0.000000 0.000000 0.063768 0.997965 
0.000000 0.000000 0.000000 0.000000 1.000000 
0.000000 0.000000 0.000000 0.001828 0.999998 
0.000000 0.000000 0.000000 0.000597 1.000000 
0.000000 0.000000 0.000000 0.000594 1.000000 
0.000000 0.000000 0.000000 0.000000 1.000000 
0.000000 0.000000 0.000000 0.000597 1.000000 
0.000000 0.000000 0.000000 0.004209 0.999991 
0.000000 0.000000 0.000000 0.000592 1.000000 
Tiempo de proceso : 1.050000
