Tama¤o de Ventana 64,64
Planos: 5
Limites:
-1 32 64 96 128 255 
Piezas
0 1 1 1 0 
Ancho: 512 - Alto: 512
Patrones de ENTRENAMIENTO.
Num. Patrones: 64
Dimension: 5
0.000000 0.000000 0.000000 0.000000 1.000000 
0.000000 0.000000 0.000000 0.000000 1.000000 
0.000000 0.000000 0.000000 0.000000 1.000000 
0.000000 0.000000 0.000000 0.000000 1.000000 
0.000000 0.000000 0.000000 0.000000 1.000000 
0.000000 0.000000 0.000000 0.000000 1.000000 
0.000000 0.000000 0.000000 0.000000 1.000000 
0.000000 0.000000 0.000000 0.000000 1.000000 
0.000000 0.000000 0.000000 0.000000 1.000000 
0.000000 0.000000 0.000000 0.000000 1.000000 
0.000000 0.000000 0.000000 0.000000 1.000000 
0.000000 0.000000 0.000000 0.000000 1.000000 
0.000000 0.000000 0.000000 0.000000 1.000000 
0.000000 0.000000 0.000000 0.000000 1.000000 
0.000000 0.000000 0.000000 0.000000 1.000000 
0.000000 0.000000 0.000000 0.000000 1.000000 
0.000000 0.000733 0.001467 0.022738 0.999740 
0.000000 0.000000 0.000750 0.027767 0.999614 
0.000000 0.000000 0.000000 0.019491 0.999810 
0.000000 0.000000 0.000000 0.007639 0.999971 
0.000000 0.000000 0.000000 0.000683 1.000000 
0.000000 0.000000 0.000000 0.007633 0.999971 
0.000000 0.000000 0.000000 0.004049 0.999992 
0.000000 0.000000 0.000000 0.009575 0.999954 
0.000000 0.000000 0.000737 0.022839 0.999739 
0.000000 0.000000 0.000000 0.022500 0.999747 
0.000000 0.000000 0.000000 0.025536 0.999674 
0.000000 0.000000 0.000000 0.004415 0.999990 
0.000000 0.000000 0.000000 0.004481 0.999990 
0.000000 0.000000 0.000000 0.001554 0.999999 
0.000000 0.000000 0.000000 0.003922 0.999992 
0.000000 0.000000 0.000000 0.023400 0.999726 
0.000000 0.000000 0.000000 0.000000 1.000000 
0.000000 0.000000 0.000000 0.000000 1.000000 
0.000000 0.000000 0.000000 0.000000 1.000000 
0.000000 0.000000 0.000000 0.000000 1.000000 
0.000000 0.000000 0.000000 0.000000 1.000000 
0.000000 0.000000 0.000000 0.000000 1.000000 
0.000000 0.000000 0.000000 0.000000 1.000000 
0.000000 0.000000 0.000000 0.000000 1.000000 
0.000000 0.000000 0.000000 0.095630 0.995417 
0.000000 0.000000 0.000000 0.104020 0.994575 
0.000000 0.000000 0.000000 0.117480 0.993075 
0.000000 0.000000 0.000000 0.146315 0.989238 
0.000000 0.000000 0.000000 0.070635 0.997502 
0.000000 0.000000 0.000000 0.094930 0.995484 
0.000000 0.000000 0.000000 0.077461 0.996995 
0.000000 0.000000 0.000000 0.044743 0.998999 
0.000000 0.000000 0.000000 0.000000 1.000000 
0.000000 0.000000 0.000000 0.000000 1.000000 
0.000000 0.000000 0.000000 0.000000 1.000000 
0.000000 0.000000 0.000000 0.000000 1.000000 
0.000000 0.000000 0.000000 0.000000 1.000000 
0.005402 0.000000 0.000000 0.000000 0.999985 
0.000000 0.000000 0.000000 0.000000 1.000000 
0.000000 0.000000 0.000000 0.000000 1.000000 
0.000000 0.000000 0.000000 0.000000 1.000000 
0.000000 0.000000 0.000000 0.000000 1.000000 
0.000000 0.000000 0.000000 0.000000 1.000000 
0.000000 0.000000 0.000000 0.000000 1.000000 
0.000000 0.000000 0.000000 0.000000 1.000000 
0.000000 0.000000 0.000000 0.000000 1.000000 
0.000000 0.000000 0.000000 0.000000 1.000000 
0.000000 0.000000 0.000000 0.000000 1.000000 
Tiempo de proceso : 1.100000
