Tama¤o de Ventana 64,64
Planos: 5
Limites:
-1 32 64 96 128 255 
Piezas
0 1 1 1 0 
Ancho: 512 - Alto: 512
Patrones de ENTRENAMIENTO.
Num. Patrones: 64
Dimension: 5
0.000000 0.000000 0.000000 0.000000 1.000000 
0.000000 0.000000 0.000000 0.000000 1.000000 
0.000000 0.000000 0.000000 0.000000 1.000000 
0.000000 0.000000 0.000000 0.000000 1.000000 
0.000000 0.000000 0.000000 0.000000 1.000000 
0.000000 0.000000 0.000000 0.000000 1.000000 
0.000000 0.000000 0.000000 0.000000 1.000000 
0.000000 0.000000 0.000000 0.000000 1.000000 
0.000000 0.000000 0.008492 0.312074 0.950020 
0.000000 0.000000 0.000000 0.309378 0.950939 
0.000000 0.000000 0.000000 0.133298 0.991076 
0.000000 0.000000 0.000000 0.023746 0.999718 
0.000000 0.000000 0.000000 0.115755 0.993278 
0.000000 0.000000 0.005787 0.348157 0.937419 
0.000000 0.000000 0.000000 0.303283 0.952901 
0.000000 0.000000 0.000000 0.026065 0.999660 
0.000000 0.000000 0.000000 0.000000 1.000000 
0.000000 0.000000 0.000000 0.000000 1.000000 
0.000000 0.000000 0.000000 0.000000 1.000000 
0.000000 0.000000 0.000000 0.000000 1.000000 
0.000000 0.000000 0.000000 0.000000 1.000000 
0.000000 0.000000 0.000000 0.000000 1.000000 
0.000000 0.000000 0.000000 0.000000 1.000000 
0.000000 0.000000 0.000000 0.000000 1.000000 
0.000000 0.000000 0.000000 0.082325 0.996606 
0.000000 0.000000 0.000805 0.132743 0.991150 
0.000000 0.000000 0.000000 0.174244 0.984703 
0.000000 0.000000 0.001727 0.126053 0.992022 
0.000000 0.000000 0.002533 0.169737 0.985486 
0.000000 0.000000 0.000000 0.173417 0.984848 
0.000000 0.000000 0.000000 0.205071 0.978747 
0.000000 0.000000 0.000000 0.169026 0.985611 
0.000000 0.000000 0.000000 0.000000 1.000000 
0.000000 0.000000 0.000000 0.000000 1.000000 
0.000000 0.000000 0.000000 0.000000 1.000000 
0.000000 0.000000 0.000000 0.000000 1.000000 
0.000000 0.000000 0.000000 0.016263 0.999868 
0.000000 0.000000 0.000000 0.067653 0.997709 
0.000000 0.000000 0.000000 0.103246 0.994656 
0.000000 0.000000 0.000000 0.130034 0.991509 
0.000000 0.000000 0.000000 0.000000 1.000000 
0.000000 0.000000 0.000000 0.000000 1.000000 
0.000000 0.000000 0.000000 0.000000 1.000000 
0.000000 0.000000 0.000000 0.000000 1.000000 
0.000000 0.000000 0.000000 0.000000 1.000000 
0.000000 0.000000 0.000000 0.000000 1.000000 
0.000000 0.000000 0.000000 0.000000 1.000000 
0.000000 0.000000 0.000000 0.000000 1.000000 
0.000000 0.000000 0.000000 0.000000 1.000000 
0.000000 0.000000 0.000000 0.000000 1.000000 
0.000000 0.000000 0.000000 0.000000 1.000000 
0.000000 0.000000 0.000000 0.000000 1.000000 
0.000000 0.000000 0.000000 0.000000 1.000000 
0.000000 0.000000 0.000000 0.000000 1.000000 
0.000000 0.000000 0.000000 0.000000 1.000000 
0.000000 0.000000 0.000000 0.000000 1.000000 
0.000000 0.000000 0.000942 0.191223 0.981546 
0.000000 0.000000 0.000000 0.170831 0.985300 
0.000000 0.000000 0.000000 0.210803 0.977529 
0.000000 0.000000 0.000000 0.212950 0.977063 
0.000000 0.000000 0.000000 0.176664 0.984271 
0.000000 0.000000 0.000000 0.250154 0.968206 
0.000000 0.000000 0.000000 0.141163 0.989986 
0.000000 0.000000 0.000000 0.030980 0.999520 
Tiempo de proceso : 1.100000
