Tama¤o de Ventana 64,64
Planos: 5
Limites:
-1 32 64 96 128 255 
Piezas
0 1 1 1 0 
Ancho: 512 - Alto: 512
Patrones de ENTRENAMIENTO.
Num. Patrones: 64
Dimension: 5
0.000000 0.000000 0.000000 0.047124 0.998889 
0.000000 0.000000 0.000000 0.045754 0.998953 
0.000000 0.000000 0.009338 0.118281 0.992936 
0.000000 0.000000 0.004101 0.190275 0.981722 
0.000000 0.000000 0.004510 0.210143 0.977660 
0.000000 0.000000 0.020175 0.176993 0.984005 
0.000000 0.000000 0.006565 0.297307 0.954759 
0.000000 0.000000 0.002008 0.352443 0.935831 
0.000000 0.000000 0.000000 0.000000 1.000000 
0.000000 0.000000 0.000000 0.000000 1.000000 
0.000000 0.000000 0.000000 0.000000 1.000000 
0.000000 0.000000 0.000000 0.000000 1.000000 
0.000000 0.000000 0.000000 0.000000 1.000000 
0.000000 0.000000 0.000000 0.000000 1.000000 
0.000000 0.000000 0.000000 0.000000 1.000000 
0.000000 0.000000 0.000000 0.000000 1.000000 
0.000000 0.000000 0.000000 0.000000 1.000000 
0.000000 0.000000 0.000000 0.000000 1.000000 
0.000000 0.000000 0.000000 0.000000 1.000000 
0.000000 0.000000 0.000000 0.000000 1.000000 
0.000000 0.000000 0.000000 0.000000 1.000000 
0.000000 0.000000 0.000000 0.000000 1.000000 
0.000000 0.000000 0.000000 0.000000 1.000000 
0.000000 0.000000 0.000000 0.000000 1.000000 
0.000000 0.000000 0.002009 0.123540 0.992338 
0.000000 0.000000 0.000991 0.104994 0.994472 
0.000000 0.000000 0.000000 0.069278 0.997597 
0.000000 0.000000 0.000000 0.117342 0.993092 
0.000000 0.000000 0.000000 0.104354 0.994540 
0.000000 0.000000 0.000000 0.088294 0.996094 
0.000000 0.000000 0.000000 0.044926 0.998990 
0.000000 0.000000 0.000000 0.042140 0.999112 
0.000000 0.000000 0.000000 0.000000 1.000000 
0.000000 0.000000 0.000000 0.000000 1.000000 
0.000000 0.000000 0.000000 0.000000 1.000000 
0.000000 0.000000 0.000000 0.009858 0.999951 
0.000000 0.000000 0.000000 0.001882 0.999998 
0.000000 0.000000 0.000000 0.014685 0.999892 
0.000000 0.000000 0.000000 0.037921 0.999281 
0.000000 0.000000 0.000000 0.057385 0.998352 
0.000000 0.000000 0.000000 0.017618 0.999845 
0.000000 0.000000 0.000000 0.009762 0.999952 
0.000000 0.000000 0.000000 0.011663 0.999932 
0.000000 0.000000 0.000000 0.005949 0.999982 
0.000000 0.000000 0.000000 0.000000 1.000000 
0.000000 0.000000 0.000000 0.000000 1.000000 
0.000000 0.000000 0.000000 0.000000 1.000000 
0.000000 0.000000 0.000000 0.000000 1.000000 
0.000000 0.000000 0.000000 0.024331 0.999704 
0.000000 0.000000 0.000000 0.079487 0.996836 
0.000000 0.000000 0.000000 0.163983 0.986463 
0.000000 0.000000 0.000000 0.081627 0.996663 
0.000000 0.000000 0.000000 0.067001 0.997753 
0.000000 0.000000 0.000000 0.119524 0.992831 
0.000000 0.000000 0.000000 0.079940 0.996800 
0.000000 0.000000 0.000000 0.041274 0.999148 
0.000000 0.000000 0.000000 0.000000 1.000000 
0.000000 0.000000 0.000000 0.000000 1.000000 
0.000000 0.000000 0.000000 0.000000 1.000000 
0.000000 0.000000 0.000000 0.000000 1.000000 
0.000000 0.000000 0.000000 0.000000 1.000000 
0.006028 0.000603 0.000000 0.000000 0.999982 
0.000000 0.000000 0.000000 0.000000 1.000000 
0.000000 0.000000 0.000000 0.000000 1.000000 
Tiempo de proceso : 1.100000
