Tama¤o de Ventana 64,64
Planos: 4
Limites:
-1 64 128 192 255 
Piezas
0 1 1 1 0 
Ancho: 512 - Alto: 512
Patrones de ENTRENAMIENTO.
Num. Patrones: 10
Dimension: 4
0.000000 0.000000 0.000000 1.000000 
0.000000 0.000000 0.006716 0.999977 
0.001331 0.000665 0.002661 0.999995 
0.000000 0.000000 0.050469 0.998726 
0.000000 0.000000 0.078341 0.996927 
0.000000 0.000000 0.178098 0.984013 
0.000000 0.000000 0.227010 0.973892 
0.000000 0.000000 0.344732 0.938701 
0.000000 0.000000 0.000000 1.000000 
0.000000 0.000000 0.000000 1.000000 
0.001838 0.000000 0.007353 0.999971 
0.000000 0.000000 0.047164 0.998887 
0.000000 0.000000 0.102565 0.994726 
0.000000 0.000000 0.005073 0.999987 
0.000000 0.000000 0.014020 0.999902 
0.000000 0.000000 0.005158 0.999987 
0.000000 0.000000 0.001895 0.999998 
0.000000 0.000000 0.000000 1.000000 
0.000000 0.000000 0.001876 0.999998 
0.000000 0.000000 0.014501 0.999895 
0.000000 0.000000 0.000000 1.000000 
0.000000 0.000000 0.000000 1.000000 
0.000000 0.000000 0.000000 1.000000 
0.000000 0.000000 0.000000 1.000000 
0.000000 0.000000 0.000000 1.000000 
0.000000 0.000000 0.000000 1.000000 
0.000000 0.000000 0.000000 1.000000 
0.000000 0.000000 0.041602 0.999134 
0.000000 0.000000 0.002562 0.999997 
0.000000 0.000000 0.000000 1.000000 
0.000000 0.000000 0.002620 0.999997 
0.000000 0.000000 0.000618 1.000000 
0.000000 0.000000 0.000000 1.000000 
0.000000 0.000000 0.003858 0.999993 
0.000000 0.000000 0.008136 0.999967 
0.000000 0.000000 0.079916 0.996802 
0.000000 0.000000 0.003185 0.999995 
0.000000 0.000000 0.002732 0.999996 
0.000000 0.000000 0.000000 1.000000 
0.000000 0.000000 0.000000 1.000000 
0.000000 0.000000 0.000000 1.000000 
0.000000 0.000000 0.001252 0.999999 
0.000000 0.000000 0.000644 1.000000 
0.000000 0.000000 0.001257 0.999999 
0.000000 0.000000 0.002543 0.999997 
0.000000 0.000000 0.000000 1.000000 
0.000000 0.000000 0.000000 1.000000 
0.000000 0.000000 0.000000 1.000000 
0.000000 0.000000 0.000607 1.000000 
0.000000 0.000000 0.000000 1.000000 
0.010056 0.000000 0.005028 0.999937 
0.000000 0.000000 0.000000 1.000000 
0.000000 0.000000 0.000000 1.000000 
0.000000 0.000000 0.000611 1.000000 
0.010725 0.000000 0.000000 0.999942 
0.000000 0.000000 0.000000 1.000000 
0.000000 0.000000 0.000605 1.000000 
0.000000 0.000000 0.000000 1.000000 
0.000000 0.000000 0.000000 1.000000 
0.000000 0.000000 0.003145 0.999995 
0.000000 0.000000 0.000000 1.000000 
0.000000 0.000000 0.000000 1.000000 
0.017854 0.000000 0.000000 0.999841 
0.000000 0.000000 0.000000 1.000000 
Tiempo de proceso : 1.040000
