Tama¤o de Ventana 64,64
Planos: 4
Limites:
-1 64 128 192 255 
Piezas
0 1 1 1 0 
Ancho: 512 - Alto: 512
Patrones de ENTRENAMIENTO.
Num. Patrones: 10
Dimension: 4
0.000000 0.000000 0.003331 0.999994 
0.000000 0.000000 0.000000 1.000000 
0.000000 0.000000 0.000000 1.000000 
0.000000 0.000000 0.001803 0.999998 
0.000000 0.000000 0.050568 0.998721 
0.000000 0.000000 0.004436 0.999990 
0.000000 0.000000 0.001858 0.999998 
0.000000 0.000000 0.001969 0.999998 
0.000000 0.000000 0.000000 1.000000 
0.000000 0.000000 0.000000 1.000000 
0.000000 0.000000 0.000000 1.000000 
0.000000 0.000000 0.000000 1.000000 
0.000000 0.000000 0.000000 1.000000 
0.000000 0.000000 0.001963 0.999998 
0.000000 0.000000 0.005427 0.999985 
0.000000 0.000000 0.026428 0.999651 
0.000000 0.000000 0.000000 1.000000 
0.002430 0.000000 0.000000 0.999997 
0.001208 0.000000 0.000000 0.999999 
0.000000 0.000000 0.000618 1.000000 
0.000000 0.000000 0.000000 1.000000 
0.000000 0.000000 0.000654 1.000000 
0.000000 0.000000 0.005594 0.999984 
0.000000 0.000000 0.038764 0.999248 
0.000000 0.000000 0.000000 1.000000 
0.003177 0.000000 0.000000 0.999995 
0.022473 0.000000 0.000642 0.999747 
0.000000 0.000000 0.000645 1.000000 
0.000000 0.000000 0.000662 1.000000 
0.000000 0.000000 0.000000 1.000000 
0.000000 0.000000 0.000000 1.000000 
0.006131 0.000000 0.001226 0.999980 
0.000000 0.000000 0.000000 1.000000 
0.000000 0.000000 0.000000 1.000000 
0.000000 0.000000 0.000000 1.000000 
0.000000 0.000000 0.000000 1.000000 
0.000000 0.000000 0.005188 0.999986 
0.000000 0.000000 0.000000 1.000000 
0.000000 0.000000 0.000000 1.000000 
0.000000 0.000000 0.001208 0.999999 
0.010902 0.000000 0.001211 0.999940 
0.007973 0.000000 0.006644 0.999946 
0.000000 0.000000 0.000000 1.000000 
0.000000 0.000000 0.000000 1.000000 
0.000000 0.000000 0.000000 1.000000 
0.000000 0.000000 0.000000 1.000000 
0.000000 0.000000 0.000000 1.000000 
0.000000 0.000000 0.000000 1.000000 
0.012649 0.000000 0.000000 0.999920 
0.000000 0.000000 0.000000 1.000000 
0.000000 0.000000 0.000000 1.000000 
0.000000 0.000000 0.000000 1.000000 
0.000000 0.000000 0.000000 1.000000 
0.000000 0.000000 0.000000 1.000000 
0.000000 0.000000 0.000591 1.000000 
0.000000 0.000000 0.000000 1.000000 
0.000000 0.000000 0.000000 1.000000 
0.000000 0.000000 0.000000 1.000000 
0.000000 0.000000 0.000000 1.000000 
0.000000 0.000000 0.000000 1.000000 
0.014156 0.000643 0.002574 0.999896 
0.000000 0.000000 0.000000 1.000000 
0.000000 0.000000 0.000000 1.000000 
0.000000 0.000000 0.000000 1.000000 
Tiempo de proceso : 1.040000
