Tama¤o de Ventana 64,64
Planos: 5
Limites:
-1 32 64 96 128 255 
Piezas
0 1 0 0 0 
Ancho: 512 - Alto: 512
Patrones de ENTRENAMIENTO.
Num. Patrones: 64
Dimension: 5
0.000000 0.000000 0.000000 0.000000 1.000000 
0.000000 0.000000 0.000000 0.000000 1.000000 
0.000000 0.000000 0.000000 0.000000 1.000000 
0.000000 0.000000 0.000000 0.000000 1.000000 
0.000000 0.000000 0.000000 0.000000 1.000000 
0.000000 0.000000 0.000000 0.000000 1.000000 
0.000000 0.000000 0.000000 0.000000 1.000000 
0.000000 0.000000 0.000000 0.001044 0.999999 
0.000000 0.000000 0.000000 0.000000 1.000000 
0.000000 0.000000 0.000000 0.000000 1.000000 
0.000000 0.000000 0.000000 0.000000 1.000000 
0.000000 0.000000 0.000000 0.000000 1.000000 
0.000000 0.000000 0.000000 0.000000 1.000000 
0.000000 0.000000 0.000000 0.001043 0.999999 
0.000000 0.000000 0.000000 0.007769 0.999970 
0.000000 0.000000 0.000000 0.004376 0.999990 
0.000000 0.000000 0.000000 0.000000 1.000000 
0.000000 0.000000 0.000000 0.000980 1.000000 
0.000000 0.000000 0.001013 0.003039 0.999995 
0.000000 0.000000 0.000000 0.000000 1.000000 
0.000000 0.000000 0.000000 0.000000 1.000000 
0.000000 0.000000 0.000000 0.000000 1.000000 
0.000000 0.000000 0.000000 0.000000 1.000000 
0.000000 0.000000 0.000000 0.000000 1.000000 
0.000000 0.000000 0.000000 0.000000 1.000000 
0.000000 0.000000 0.000000 0.000000 1.000000 
0.000000 0.000000 0.000000 0.000000 1.000000 
0.000000 0.000000 0.000000 0.000000 1.000000 
0.000000 0.000000 0.000000 0.000000 1.000000 
0.000000 0.000000 0.000000 0.000000 1.000000 
0.000000 0.000000 0.000000 0.000000 1.000000 
0.000000 0.000000 0.000000 0.000000 1.000000 
0.000000 0.000000 0.000000 0.000000 1.000000 
0.000000 0.000000 0.000000 0.000000 1.000000 
0.000000 0.000000 0.000000 0.000000 1.000000 
0.000000 0.000000 0.000000 0.000000 1.000000 
0.000000 0.000000 0.000000 0.000000 1.000000 
0.000000 0.000000 0.000000 0.000990 1.000000 
0.000000 0.000000 0.000000 0.000000 1.000000 
0.000000 0.000000 0.000000 0.000000 1.000000 
0.000000 0.000000 0.000000 0.000000 1.000000 
0.000989 0.000000 0.000000 0.000000 1.000000 
0.003024 0.000000 0.000000 0.001008 0.999995 
0.000000 0.000000 0.000000 0.000000 1.000000 
0.000000 0.000000 0.000000 0.000000 1.000000 
0.000000 0.000000 0.000000 0.000000 1.000000 
0.000000 0.000000 0.000000 0.002020 0.999998 
0.000000 0.000000 0.000000 0.000988 1.000000 
0.000000 0.000000 0.000000 0.000000 1.000000 
0.000000 0.000000 0.000000 0.000000 1.000000 
0.000000 0.000000 0.000000 0.000000 1.000000 
0.000000 0.000000 0.000000 0.000000 1.000000 
0.000000 0.000000 0.000000 0.000000 1.000000 
0.000000 0.000000 0.000000 0.000000 1.000000 
0.000000 0.000000 0.000000 0.000000 1.000000 
0.000000 0.000000 0.000000 0.000000 1.000000 
0.000000 0.000000 0.000000 0.000000 1.000000 
0.000000 0.000000 0.000000 0.000000 1.000000 
0.000000 0.000000 0.000000 0.000000 1.000000 
0.000000 0.000000 0.000000 0.000000 1.000000 
0.000000 0.000000 0.000000 0.000000 1.000000 
0.000000 0.000000 0.000000 0.000000 1.000000 
0.000000 0.000000 0.000000 0.000000 1.000000 
0.000000 0.000000 0.000000 0.000000 1.000000 
Tiempo de proceso : 0.820000
