Tama¤o de Ventana 64,64
Planos: 5
Limites:
-1 32 64 96 128 255 
Piezas
0 1 0 0 0 
Ancho: 512 - Alto: 512
Patrones de ENTRENAMIENTO.
Num. Patrones: 64
Dimension: 5
0.000000 0.000000 0.000000 0.015242 0.999884 
0.000000 0.000000 0.000000 0.000000 1.000000 
0.000000 0.000000 0.000000 0.000000 1.000000 
0.000000 0.000000 0.000000 0.000000 1.000000 
0.000000 0.000000 0.000000 0.000000 1.000000 
0.000000 0.000000 0.000000 0.000000 1.000000 
0.000000 0.000000 0.000000 0.000000 1.000000 
0.000000 0.000000 0.000000 0.000000 1.000000 
0.000000 0.000000 0.000000 0.074790 0.997199 
0.000000 0.000000 0.000000 0.079474 0.996837 
0.000000 0.000000 0.000000 0.059172 0.998248 
0.000000 0.000000 0.001053 0.053720 0.998555 
0.000000 0.000000 0.000000 0.017344 0.999850 
0.000000 0.000000 0.000000 0.009036 0.999959 
0.000000 0.000000 0.001037 0.025925 0.999663 
0.000000 0.000000 0.000000 0.013210 0.999913 
0.000000 0.003018 0.052820 0.229391 0.971895 
0.000000 0.000000 0.008643 0.301051 0.953569 
0.000000 0.000000 0.014117 0.259745 0.965574 
0.000000 0.000000 0.002712 0.222382 0.974956 
0.000000 0.000000 0.000000 0.082536 0.996588 
0.000000 0.000000 0.000000 0.069598 0.997575 
0.000000 0.000000 0.005427 0.231984 0.972705 
0.000000 0.000000 0.005971 0.444816 0.895602 
0.000000 0.000000 0.000000 0.021893 0.999760 
0.000000 0.000000 0.000000 0.000000 1.000000 
0.000000 0.000000 0.000000 0.000000 1.000000 
0.000000 0.000000 0.000000 0.000000 1.000000 
0.000000 0.000000 0.000000 0.000000 1.000000 
0.000000 0.000000 0.000000 0.000000 1.000000 
0.000000 0.000000 0.000000 0.000000 1.000000 
0.000000 0.000000 0.000000 0.000000 1.000000 
0.000000 0.000000 0.000000 0.065433 0.997857 
0.000000 0.000000 0.000000 0.054819 0.998496 
0.000000 0.000000 0.002656 0.135468 0.990778 
0.000000 0.000000 0.000000 0.218667 0.975800 
0.000000 0.000000 0.000000 0.204133 0.978943 
0.000000 0.000000 0.003078 0.163150 0.986596 
0.000000 0.000000 0.001592 0.320046 0.947401 
0.000000 0.000000 0.000000 0.421983 0.906604 
0.000000 0.000000 0.000000 0.000000 1.000000 
0.000000 0.000000 0.000000 0.000000 1.000000 
0.000000 0.000000 0.000000 0.000000 1.000000 
0.000000 0.000000 0.000000 0.000000 1.000000 
0.000000 0.000000 0.000000 0.000000 1.000000 
0.000000 0.000000 0.000000 0.000000 1.000000 
0.000000 0.000000 0.000000 0.000000 1.000000 
0.000000 0.000000 0.000000 0.000000 1.000000 
0.000000 0.000000 0.000000 0.000000 1.000000 
0.000000 0.000000 0.000000 0.000000 1.000000 
0.000000 0.000000 0.000000 0.000000 1.000000 
0.000000 0.000000 0.000000 0.000000 1.000000 
0.000000 0.000000 0.000000 0.000000 1.000000 
0.000000 0.000000 0.000000 0.000000 1.000000 
0.000000 0.000000 0.000000 0.000000 1.000000 
0.000000 0.000000 0.000000 0.000000 1.000000 
0.000000 0.000000 0.000000 0.166109 0.986107 
0.000000 0.000000 0.000000 0.102524 0.994731 
0.000000 0.000000 0.000000 0.061680 0.998096 
0.000000 0.000000 0.000000 0.033387 0.999443 
0.000000 0.000000 0.000000 0.080635 0.996744 
0.000000 0.000000 0.000000 0.052501 0.998621 
0.000000 0.000000 0.000000 0.040522 0.999179 
0.000000 0.000000 0.000000 0.014126 0.999900 
Tiempo de proceso : 0.880000
