Tama¤o de Ventana 64,64
Planos: 5
Limites:
-1 32 64 96 128 255 
Piezas
0 1 0 0 0 
Ancho: 512 - Alto: 512
Patrones de ENTRENAMIENTO.
Num. Patrones: 64
Dimension: 5
0.000000 0.000000 0.000000 0.000000 1.000000 
0.000000 0.000000 0.000000 0.000000 1.000000 
0.000000 0.000000 0.000000 0.000000 1.000000 
0.000000 0.000000 0.000000 0.000000 1.000000 
0.000000 0.000000 0.000000 0.000000 1.000000 
0.000000 0.000000 0.000000 0.000000 1.000000 
0.000000 0.000000 0.000000 0.000000 1.000000 
0.000000 0.000000 0.000000 0.000000 1.000000 
0.000000 0.000000 0.013374 0.392875 0.919495 
0.000000 0.000000 0.000000 0.368718 0.929541 
0.000000 0.000000 0.000000 0.169817 0.985476 
0.000000 0.000000 0.000000 0.036516 0.999333 
0.000000 0.000000 0.000000 0.153650 0.988125 
0.000000 0.000000 0.009129 0.404709 0.914400 
0.000000 0.000000 0.000000 0.349514 0.936931 
0.000000 0.000000 0.000000 0.040443 0.999182 
0.000000 0.000000 0.000000 0.000000 1.000000 
0.000000 0.000000 0.000000 0.000000 1.000000 
0.000000 0.000000 0.000000 0.000000 1.000000 
0.000000 0.000000 0.000000 0.000000 1.000000 
0.000000 0.000000 0.000000 0.000000 1.000000 
0.000000 0.000000 0.000000 0.000000 1.000000 
0.000000 0.000000 0.000000 0.000000 1.000000 
0.000000 0.000000 0.000000 0.000000 1.000000 
0.000000 0.000000 0.000000 0.093947 0.995577 
0.000000 0.000000 0.001310 0.163761 0.986499 
0.000000 0.000000 0.000000 0.211030 0.977480 
0.000000 0.000000 0.002837 0.158875 0.987295 
0.000000 0.000000 0.004200 0.205797 0.978586 
0.000000 0.000000 0.000000 0.206416 0.978464 
0.000000 0.000000 0.000000 0.241321 0.970445 
0.000000 0.000000 0.000000 0.202358 0.979312 
0.000000 0.000000 0.000000 0.000000 1.000000 
0.000000 0.000000 0.000000 0.000000 1.000000 
0.000000 0.000000 0.000000 0.000000 1.000000 
0.000000 0.000000 0.000000 0.000000 1.000000 
0.000000 0.000000 0.000000 0.021663 0.999765 
0.000000 0.000000 0.000000 0.080877 0.996724 
0.000000 0.000000 0.000000 0.114808 0.993388 
0.000000 0.000000 0.000000 0.145529 0.989354 
0.000000 0.000000 0.000000 0.000000 1.000000 
0.000000 0.000000 0.000000 0.000000 1.000000 
0.000000 0.000000 0.000000 0.000000 1.000000 
0.000000 0.000000 0.000000 0.000000 1.000000 
0.000000 0.000000 0.000000 0.000000 1.000000 
0.000000 0.000000 0.000000 0.000000 1.000000 
0.000000 0.000000 0.000000 0.000000 1.000000 
0.000000 0.000000 0.000000 0.000000 1.000000 
0.000000 0.000000 0.000000 0.000000 1.000000 
0.000000 0.000000 0.000000 0.000000 1.000000 
0.000000 0.000000 0.000000 0.000000 1.000000 
0.000000 0.000000 0.000000 0.000000 1.000000 
0.000000 0.000000 0.000000 0.000000 1.000000 
0.000000 0.000000 0.000000 0.000000 1.000000 
0.000000 0.000000 0.000000 0.000000 1.000000 
0.000000 0.000000 0.000000 0.000000 1.000000 
0.000000 0.000000 0.001448 0.249002 0.968502 
0.000000 0.000000 0.000000 0.217506 0.976059 
0.000000 0.000000 0.000000 0.270704 0.962663 
0.000000 0.000000 0.000000 0.272948 0.962029 
0.000000 0.000000 0.000000 0.250860 0.968023 
0.000000 0.000000 0.000000 0.324644 0.945836 
0.000000 0.000000 0.000000 0.197472 0.980308 
0.000000 0.000000 0.000000 0.047387 0.998877 
Tiempo de proceso : 0.870000
