Tama¤o de Ventana 64,64
Planos: 5
Limites:
-1 32 64 96 128 255 
Piezas
0 1 0 0 0 
Ancho: 512 - Alto: 512
Patrones de ENTRENAMIENTO.
Num. Patrones: 64
Dimension: 5
0.000000 0.000000 0.000000 0.000000 1.000000 
0.000000 0.000000 0.000000 0.000000 1.000000 
0.000000 0.000000 0.000000 0.000000 1.000000 
0.000000 0.000000 0.000000 0.000000 1.000000 
0.000000 0.000000 0.000000 0.001969 0.999998 
0.000000 0.000000 0.000000 0.011122 0.999938 
0.000000 0.000000 0.000000 0.035994 0.999352 
0.000000 0.000000 0.000000 0.177504 0.984120 
0.000000 0.000000 0.000000 0.102511 0.994732 
0.000000 0.000000 0.000000 0.158183 0.987410 
0.000000 0.000000 0.001170 0.132240 0.991217 
0.000000 0.000000 0.000000 0.056067 0.998427 
0.000000 0.000000 0.000000 0.015242 0.999884 
0.000000 0.000000 0.000000 0.000000 1.000000 
0.000000 0.000000 0.000000 0.000000 1.000000 
0.000000 0.000000 0.000000 0.000000 1.000000 
0.000000 0.000000 0.000000 0.001007 1.000000 
0.000000 0.000000 0.000000 0.001001 1.000000 
0.000000 0.000000 0.000000 0.023373 0.999727 
0.000000 0.000000 0.000000 0.149589 0.988748 
0.000000 0.000000 0.001346 0.262434 0.964949 
0.000000 0.000000 0.000000 0.335590 0.942008 
0.000000 0.000000 0.000000 0.373948 0.927450 
0.000000 0.000000 0.000000 0.423465 0.905912 
0.000000 0.000000 0.000000 0.000000 1.000000 
0.000000 0.000000 0.000000 0.000000 1.000000 
0.000000 0.000000 0.000000 0.000000 1.000000 
0.000000 0.000000 0.000000 0.000000 1.000000 
0.000000 0.000000 0.000000 0.000000 1.000000 
0.000000 0.000000 0.000000 0.000000 1.000000 
0.000000 0.000000 0.000000 0.000000 1.000000 
0.000000 0.000000 0.000000 0.000000 1.000000 
0.000000 0.000000 0.000000 0.000000 1.000000 
0.000000 0.000000 0.000000 0.000000 1.000000 
0.000000 0.000000 0.000000 0.000000 1.000000 
0.000000 0.000000 0.000000 0.000000 1.000000 
0.000000 0.000000 0.000000 0.000000 1.000000 
0.000000 0.000000 0.000000 0.000000 1.000000 
0.000000 0.000000 0.000000 0.000000 1.000000 
0.000000 0.000000 0.000000 0.000000 1.000000 
0.000000 0.000000 0.000000 0.082597 0.996583 
0.000000 0.000000 0.000000 0.153950 0.988079 
0.000000 0.000000 0.000000 0.166457 0.986049 
0.000000 0.000000 0.000000 0.064831 0.997896 
0.000000 0.000000 0.000000 0.063364 0.997990 
0.000000 0.000000 0.000000 0.108006 0.994150 
0.000000 0.000000 0.000000 0.076877 0.997041 
0.000000 0.000000 0.000000 0.056280 0.998415 
0.000000 0.000000 0.000000 0.000000 1.000000 
0.000000 0.000000 0.000000 0.000000 1.000000 
0.000000 0.000000 0.000000 0.000000 1.000000 
0.000000 0.000000 0.000000 0.000000 1.000000 
0.000000 0.000000 0.000000 0.000000 1.000000 
0.000000 0.000000 0.000000 0.039499 0.999220 
0.000000 0.000000 0.000000 0.045254 0.998976 
0.000000 0.000000 0.000000 0.096983 0.995286 
0.000000 0.000000 0.000000 0.043007 0.999075 
0.000000 0.000000 0.000000 0.048908 0.998803 
0.000000 0.000000 0.000000 0.021689 0.999765 
0.000000 0.000000 0.000000 0.000000 1.000000 
0.000000 0.000000 0.000000 0.000000 1.000000 
0.000000 0.000000 0.000000 0.000000 1.000000 
0.000000 0.000000 0.000000 0.000000 1.000000 
0.000000 0.000000 0.000000 0.000000 1.000000 
Tiempo de proceso : 0.830000
